1.000000000 0.000000000 0.000000000 0.000000000 0.000000000 1.000000000 0.000000000 0.000000000 0.000000000 0.000000000 1.000000000 0.000000000
0.999996662 0.002565590 0.000242318 -0.014627633 -0.002565954 0.999995589 0.001510417 -0.017668651 -0.000238442 -0.001511034 0.999998808 0.788043797
0.999986112 0.005248853 0.000457559 -0.027003044 -0.005249742 0.999984264 0.001964562 -0.034963746 -0.000447240 -0.001966937 0.999997973 1.561945677
0.999978781 0.006451853 0.000878874 -0.039073035 -0.006453345 0.999977708 0.001706157 -0.053247329 -0.000867846 -0.001711792 0.999998152 2.313836098
0.999965191 0.008291464 0.000913672 -0.051424220 -0.008292679 0.999964714 0.001334310 -0.067788668 -0.000902577 -0.001341840 0.999998689 3.049280643
0.999961615 0.008661202 0.001303693 -0.057310112 -0.008662571 0.999961913 0.001048108 -0.082903259 -0.001294565 -0.001059361 0.999998629 3.775785446
0.999960244 0.008796690 0.001447632 -0.062503561 -0.008799734 0.999959052 0.002109788 -0.100422285 -0.001429013 -0.002122443 0.999996722 4.478961945
0.999951243 0.009615881 0.002250342 -0.075048290 -0.009626403 0.999942541 0.004712294 -0.112888336 -0.002204900 -0.004733727 0.999986351 5.173002243
0.999948323 0.009372314 0.003939644 -0.090430133 -0.009405931 0.999918759 0.008602667 -0.122995093 -0.003858697 -0.008639278 0.999955237 5.841214657
0.999950051 0.008585505 0.005120958 -0.090870932 -0.008646961 0.999889374 0.012102019 -0.136361554 -0.005016490 -0.012145694 0.999913633 6.477326393
0.999954402 0.007409520 0.006026019 -0.092723265 -0.007497564 0.999863505 0.014721754 -0.151465401 -0.005916115 -0.014766263 0.999873459 7.093018532
0.999939978 0.008245222 0.007212836 -0.090770893 -0.008347594 0.999863207 0.014280027 -0.159836620 -0.007094107 -0.014339380 0.999872029 7.691504955
0.999924839 0.009007760 0.008317370 -0.096877903 -0.009105994 0.999888301 0.011849388 -0.172054231 -0.008209705 -0.011924234 0.999895215 8.244072914
0.999920011 0.008779860 0.009106599 -0.098246425 -0.008861530 0.999920547 0.008966886 -0.177548051 -0.009027148 -0.009046867 0.999918342 8.777401924
0.999918938 0.007022202 0.010621871 -0.094780847 -0.007101185 0.999947309 0.007416479 -0.186091259 -0.010569231 -0.007491305 0.999916077 9.279873848
0.999917388 0.003204336 0.012449274 -0.081883930 -0.003270477 0.999980628 0.005296055 -0.192635268 -0.012432062 -0.005336332 0.999908507 9.774708748
0.999900997 0.001385305 0.014001003 -0.071884103 -0.001446283 0.999989510 0.004346074 -0.203350008 -0.013994834 -0.004365893 0.999892533 10.221889496
0.999857485 0.005635806 0.015914991 -0.074338287 -0.005670378 0.999981642 0.002127959 -0.214385286 -0.015902707 -0.002217899 0.999871075 10.631422997
0.999765992 0.009975586 0.019195506 -0.078641646 -0.010007288 0.999948740 0.001556171 -0.228917077 -0.019179000 -0.001747902 0.999814510 11.023069382
0.999687493 0.010785124 0.022552716 -0.078058414 -0.010845899 0.999937892 0.002574206 -0.232383877 -0.022523552 -0.002818006 0.999742329 11.378718376
0.999651134 0.006539895 0.025590496 -0.061692145 -0.006621933 0.999973178 0.003122364 -0.242048502 -0.025569391 -0.003290734 0.999667645 11.729851723
0.999613404 0.001500645 0.027763894 -0.042460050 -0.001580827 0.999994636 0.002866298 -0.244102091 -0.027759444 -0.002909080 0.999610424 12.024174690
0.999539316 -0.001766158 0.030299934 -0.033259936 0.001640369 0.999989927 0.004175821 -0.250254393 -0.030307004 -0.004124194 0.999532104 12.279756546
0.999458671 -0.002021307 0.032837022 -0.024247965 0.001851344 0.999984741 0.005205528 -0.256790429 -0.032847043 -0.005141918 0.999447167 12.509784698
0.999389350 -0.001608892 0.034904879 -0.019805986 0.001461042 0.999989867 0.004260886 -0.262562424 -0.034911379 -0.004207287 0.999381542 12.732338905
0.999318838 -0.000838112 0.036893748 -0.011775373 0.000721263 0.999994695 0.003180372 -0.274201512 -0.036896218 -0.003151596 0.999314129 12.906985283
0.999205649 0.001578378 0.039818596 -0.013011712 -0.001665257 0.999996305 0.002148793 -0.276965916 -0.039815061 -0.002213395 0.999204636 13.082741737
0.999126732 0.004764725 0.041510534 -0.015756134 -0.004826413 0.999987364 0.001385994 -0.280270040 -0.041503407 -0.001585130 0.999137104 13.246341705
0.999072552 0.005989473 0.042640023 -0.001463353 -0.006007633 0.999981880 0.000297751 -0.291599542 -0.042637467 -0.000553641 0.999090433 13.424221039
0.998995006 0.005040542 0.044537861 0.006083777 -0.004990299 0.999986768 -0.001239220 -0.297735631 -0.044543516 0.001015717 0.999006927 13.574876785
0.998932540 0.003825914 0.046033833 0.014201033 -0.003698041 0.999989092 -0.002862646 -0.299152881 -0.046044283 0.002689355 0.998935759 13.721000671
0.998862386 0.003114351 0.047584470 0.020053249 -0.002927677 0.999987721 -0.003992173 -0.298967481 -0.047596321 0.003848320 0.998859227 13.859272957
0.998804510 0.004046475 0.048714984 0.027943447 -0.003789277 0.999978423 -0.005370855 -0.303294033 -0.048735667 0.005179839 0.998798251 13.994697571
0.998752296 0.004754808 0.049711104 0.040379468 -0.004409737 0.999965429 -0.007048899 -0.311780959 -0.049742904 0.006820892 0.998738766 14.129517555
0.998684645 0.004729084 0.051054817 0.036118716 -0.004238975 0.999943912 -0.009703667 -0.308576852 -0.051097844 0.009474483 0.998648703 14.244578362
0.998669803 0.003875722 0.051415805 0.050854478 -0.003269901 0.999924302 -0.011861669 -0.313053012 -0.051457886 0.011677766 0.998606861 14.380006790
0.998687744 0.003095868 0.051119242 0.053636987 -0.002412151 0.999906898 -0.013431232 -0.322809845 -0.051156063 0.013290300 0.998602211 14.504671097
0.998787403 0.002527974 0.049166456 0.056262549 -0.001813565 0.999892235 -0.014569605 -0.327452689 -0.049197987 0.014462771 0.998684347 14.632324219
0.998924255 0.002623875 0.046297058 0.057933968 -0.001907492 0.999877870 -0.015511038 -0.328458935 -0.046332106 0.015406040 0.998807311 14.760592461
0.999105215 0.003247989 0.042168964 0.059209026 -0.002540624 0.999855340 -0.016817318 -0.329047471 -0.042217489 0.016695134 0.998968959 14.899978638
0.999333501 0.003114316 0.036370434 0.061110262 -0.002470429 0.999839664 -0.017735118 -0.334914446 -0.036419835 0.017633447 0.999180973 15.030577660
0.999550879 0.003231935 0.029792452 0.057147089 -0.002676250 0.999822080 -0.018672915 -0.334256053 -0.029847501 0.018584797 0.999381661 15.158843994
0.999732792 0.003265852 0.022884110 0.047420517 -0.002826385 0.999811471 -0.019210121 -0.341008514 -0.022942534 0.019140307 0.999553561 15.281384468
0.999888361 0.002988902 0.014638345 0.043345209 -0.002694330 0.999794304 -0.020101881 -0.346891820 -0.014695416 0.020060197 0.999690771 15.418419838
0.999984682 0.002506925 0.004932008 0.027508445 -0.002401100 0.999769270 -0.021347040 -0.346196145 -0.004984386 0.021334872 0.999759972 15.561287880
0.999969304 0.000928690 -0.007778376 0.013295038 -0.001107857 0.999733448 -0.023061482 -0.348811060 0.007754886 0.023069393 0.999703765 15.706753731
0.999720573 -0.000405939 -0.023636067 -0.007452446 -0.000182987 0.999689698 -0.024908900 -0.354326487 0.023638844 0.024906265 0.999410272 15.865547180
0.999101281 0.000210795 -0.042386193 -0.036945883 -0.001318318 0.999658406 -0.026103072 -0.357860833 0.042366210 0.026135491 0.998760223 16.044517517
0.997956038 0.001305966 -0.063891232 -0.076122262 -0.002953001 0.999665558 -0.025691098 -0.362407833 0.063836314 0.025827257 0.997626126 16.235425949
0.996194243 0.001674482 -0.087144740 -0.122354150 -0.003778375 0.999705195 -0.023983179 -0.372863799 0.087078892 0.024221171 0.995906949 16.443298340
0.993528426 0.003093944 -0.113541439 -0.177448273 -0.005711135 0.999725282 -0.022732504 -0.378496051 0.113439910 0.023233840 0.993273139 16.669582367
0.989775479 0.004198178 -0.142572328 -0.261546075 -0.007173739 0.999766946 -0.020362942 -0.387679338 0.142453611 0.021177517 0.989574909 16.903070450
0.984553277 0.003674053 -0.175046846 -0.332985044 -0.006798369 0.999828041 -0.017252155 -0.390736282 0.174953371 0.018175699 0.984408915 17.136631012
0.977398813 0.004628280 -0.211353019 -0.429080158 -0.007626443 0.999881506 -0.013372628 -0.393794179 0.211266086 0.014682263 0.977318287 17.404464722
0.968165755 0.006344312 -0.250229597 -0.547643304 -0.008729447 0.999926448 -0.008423090 -0.394205093 0.250157744 0.010339312 0.968149900 17.674013138
0.956570148 0.010237733 -0.291322351 -0.661259294 -0.011747881 0.999925077 -0.003435050 -0.402283043 0.291265368 0.006708286 0.956618786 17.943218231
0.942857146 0.013699157 -0.332915545 -0.806656480 -0.014298437 0.999897540 0.000649924 -0.404146254 0.332890362 0.004147386 0.942956448 18.229576111
0.926562428 0.016459348 -0.375780791 -0.945143402 -0.015063501 0.999864399 0.006652395 -0.414303273 0.375839353 -0.000503285 0.926684737 18.497529984
0.908002138 0.019586287 -0.418507516 -1.095962167 -0.015179349 0.999788761 0.013857028 -0.414045811 0.418690503 -0.006229539 0.908107638 18.760541916
0.886575937 0.024575477 -0.461929828 -1.277703881 -0.016848737 0.999640763 0.020845080 -0.424589336 0.462276161 -0.010697813 0.886671484 19.043258667
0.862664938 0.030018365 -0.504884243 -1.494661331 -0.019931303 0.999479413 0.025369583 -0.426577091 0.505382955 -0.011822449 0.862814188 19.321691513
0.835366130 0.033315185 -0.548683465 -1.725502968 -0.020985493 0.999366879 0.028729726 -0.425460875 0.549293220 -0.012485447 0.835536420 19.604314804
0.804373920 0.037285123 -0.592952311 -1.968625665 -0.023472482 0.999244034 0.030991167 -0.427266866 0.593659520 -0.011010422 0.804641008 19.895919800
0.771204710 0.038914561 -0.635396659 -2.253576040 -0.022952395 0.999180615 0.033336151 -0.408948720 0.636173308 -0.011125121 0.771465957 20.197467804
0.734534144 0.042578056 -0.677234650 -2.562920570 -0.024138805 0.999037385 0.036628805 -0.390079439 0.678142309 -0.010557474 0.734854817 20.488540649
0.696160078 0.043377694 -0.716574788 -2.903707981 -0.021977481 0.998992682 0.039122436 -0.372102320 0.717550039 -0.011486971 0.696412206 20.766471863
0.656723857 0.043599747 -0.752869844 -3.273070812 -0.019784456 0.998979807 0.040594462 -0.362212718 0.753871679 -0.011764235 0.656916440 21.034812927
0.616538048 0.042201236 -0.786193311 -3.660673141 -0.014049285 0.998993158 0.042606350 -0.350262642 0.787199736 -0.015222986 0.616510212 21.272094727
0.572663546 0.041824840 -0.818722844 -4.082673073 -0.008996197 0.998958170 0.044739768 -0.332606673 0.819741130 -0.018255441 0.572443128 21.531398773
0.527968526 0.043370817 -0.848155856 -4.531620026 -0.007475362 0.998893797 0.046425533 -0.313702941 0.849231124 -0.018170951 0.527708650 21.748746872
0.478930950 0.043366212 -0.876780808 -5.007656574 -0.006697543 0.998930514 0.045749374 -0.294176042 0.877827048 -0.016038513 0.478709161 21.971965790
0.428107142 0.042210620 -0.902741671 -5.508948326 -0.001223136 0.998934746 0.046128392 -0.275800824 0.903727174 -0.018643716 0.427702725 22.165847778
0.375315249 0.041314293 -0.925976038 -6.012220860 0.003362931 0.998938859 0.045932736 -0.254757404 0.926891148 -0.020353250 0.374778032 22.334684372
0.322682202 0.040119898 -0.945656657 -6.581342220 0.006172648 0.998990834 0.044488888 -0.229244471 0.946487188 -0.020192979 0.322108924 22.497709274
0.270973325 0.045956753 -0.961489260 -7.153453827 0.007071946 0.998737633 0.049730200 -0.201271057 0.962560952 -0.020275163 0.270306289 22.615482330
0.220495999 0.051010698 -0.974053204 -7.747975349 0.008942248 0.998483837 0.054314382 -0.172977448 0.975346982 -0.020686338 0.219705582 22.706487656
0.173219323 0.052013665 -0.983508945 -8.377836227 0.014008165 0.998373330 0.055266961 -0.144906461 0.984783769 -0.023350470 0.172208965 22.793407440
0.130154610 0.053813051 -0.990032315 -8.970362663 0.017945791 0.998234630 0.056618135 -0.140440881 0.991331279 -0.025136027 0.128959119 22.842269897
0.090429842 0.052110486 -0.994538665 -9.624238968 0.017503398 0.998392701 0.053903956 -0.111227572 0.995749116 -0.022282334 0.089372337 22.865716934
0.055580914 0.047944207 -0.997302473 -10.280918121 0.014887358 0.998695612 0.048840873 -0.077778399 0.998343229 -0.017561818 0.054794610 22.868993759
0.027698576 0.048098944 -0.998458624 -10.969660759 0.012425564 0.998747945 0.048457596 -0.045071006 0.999539256 -0.013748626 0.027066290 22.853378296
0.006875277 0.052100696 -0.998618186 -11.682455063 0.011230655 0.998574793 0.052175749 -0.014629781 0.999913335 -0.011573859 0.006280363 22.840274811
-0.005610704 0.057890162 -0.998307347 -12.417675972 0.012329638 0.998251021 0.057817612 0.019311428 0.999908388 -0.011984381 -0.006314635 22.811325073
-0.013786316 0.060705382 -0.998060584 -13.174948692 0.012684869 0.998085678 0.060531698 0.048287153 0.999824584 -0.011825763 -0.014529943 22.799022675
-0.017448425 0.057865046 -0.998172045 -13.947141647 0.013619543 0.998245060 0.057631213 0.081441283 0.999755144 -0.012589080 -0.018205881 22.772428513
-0.016909480 0.053929124 -0.998401642 -14.746656418 0.021165345 0.998339891 0.053567324 0.117675781 0.999633014 -0.020225720 -0.018022895 22.764301300
-0.012700438 0.052019972 -0.998565376 -15.567047119 0.032944221 0.998125434 0.051578052 0.162770867 0.999376595 -0.032241896 -0.014390469 22.761943817
-0.007058024 0.052306250 -0.998606265 -16.403757095 0.033422433 0.998085439 0.052042756 0.193664312 0.999416530 -0.033008538 -0.008792639 22.749032974
-0.001938701 0.051062744 -0.998693705 -17.262598038 0.031613346 0.998199403 0.050976112 0.221551836 0.999498427 -0.031473223 -0.003549457 22.732589722
0.001088738 0.044478241 -0.999009728 -18.153541565 0.035278950 0.998386741 0.044488952 0.259759605 0.999376893 -0.035292447 -0.000482202 22.734130859
0.003175437 0.033949558 -0.999418676 -19.056304932 0.033252429 0.998867273 0.034036487 0.290916145 0.999442101 -0.033341181 0.002042949 22.730485916
0.003918409 0.025931370 -0.999656081 -19.966445923 0.025329661 0.999340415 0.026022471 0.313329756 0.999671519 -0.025422918 0.003259003 22.707305908
0.002630830 0.023100181 -0.999729812 -20.912054062 0.019919785 0.999533594 0.023148069 0.337305307 0.999798238 -0.019975301 0.002169430 22.689903259
-0.000937223 0.029317526 -0.999569774 -21.871671677 0.010809707 0.999512017 0.029305698 0.355005562 0.999941170 -0.010777590 -0.001253724 22.659271240
-0.005753636 0.037319396 -0.999286890 -22.868309021 0.005779160 0.999287903 0.037286159 0.379362255 0.999966800 -0.005560508 -0.005965233 22.629674911
-0.010146022 0.046650399 -0.998859882 -23.876466751 0.003829981 0.998905659 0.046613641 0.413151801 0.999941289 -0.003352674 -0.010313630 22.601226807
-0.011679888 0.056506511 -0.998333991 -24.911249161 0.002611054 0.998400331 0.056479722 0.452498615 0.999928415 -0.001947032 -0.011808753 22.576421738
-0.012709498 0.063989609 -0.997869730 -25.946525574 0.004502122 0.997943759 0.063937023 0.496730328 0.999909222 -0.003679935 -0.012971401 22.553045273
-0.014242530 0.064731359 -0.997801185 -26.989316940 0.005552752 0.997892022 0.064658001 0.548947811 0.999883235 -0.004619658 -0.014571905 22.529132843
-0.015744686 0.062191539 -0.997940183 -28.018024445 0.004467940 0.998058140 0.062128410 0.597818851 0.999866188 -0.003480551 -0.015992045 22.495023727
-0.018532395 0.057349123 -0.998182237 -29.053930283 0.004028348 0.998349786 0.057283960 0.643651605 0.999820232 -0.002959420 -0.018732786 22.461067200
-0.022810936 0.052464876 -0.998362303 -30.099575043 0.004105546 0.998618543 0.052384540 0.681998312 0.999731421 -0.002903887 -0.022994757 22.414598465
-0.028470874 0.047714230 -0.998455286 -31.147985458 0.004101698 0.998857260 0.047616486 0.723462284 0.999586344 -0.002739685 -0.028633952 22.380210876
-0.035038352 0.045959450 -0.998328686 -32.186973572 0.003181226 0.998942077 0.045876041 0.759808838 0.999380946 -0.001568486 -0.035147548 22.317310333
-0.041809559 0.048166398 -0.997964025 -33.268013000 0.003755115 0.998837829 0.048051257 0.801899672 0.999118686 -0.001738474 -0.041941762 22.269199371
-0.047770739 0.052855045 -0.997458994 -34.352333069 0.002174323 0.998602152 0.052811492 0.842124581 0.998856008 0.000354042 -0.047818899 22.194820404
-0.053964734 0.055881198 -0.996977985 -35.443977356 -0.000772048 0.998430252 0.056004386 0.881604016 0.998542547 0.003791979 -0.053836942 22.119560242
-0.058547854 0.058112450 -0.996591926 -36.529212952 -0.003844504 0.998283684 0.058436964 0.927097380 0.998277426 0.007252748 -0.058223963 22.036476135
-0.060827494 0.059648611 -0.996364474 -37.628547668 -0.008690092 0.998143315 0.060285632 0.972270012 0.998110533 0.012325521 -0.060196280 21.941425323
-0.062819481 0.060415324 -0.996194661 -38.723815918 -0.013073353 0.998030603 0.061351072 1.035529613 0.997939348 0.016877642 -0.061905861 21.862972260
-0.064128876 0.059911706 -0.996141732 -39.825729370 -0.014071773 0.998042703 0.060931947 1.087300539 0.997842550 0.017924963 -0.063160300 21.770671844
-0.065199494 0.059219617 -0.996113420 -40.913326263 -0.014749017 0.998071253 0.060301386 1.130497694 0.997763216 0.018623315 -0.064200282 21.672950745
-0.066205025 0.058385100 -0.996096432 -42.020141602 -0.015747925 0.998101115 0.059549283 1.181365132 0.997681797 0.019628914 -0.065159917 21.583770752
-0.066926003 0.057769436 -0.996084154 -43.127277374 -0.018305484 0.998083293 0.059115309 1.224440336 0.997590005 0.022190150 -0.065740228 21.486335754
-0.067655444 0.055218458 -0.996179581 -44.236827850 -0.022872092 0.998119056 0.056879319 1.273810506 0.997446597 0.026632903 -0.066265225 21.390159607
-0.067997098 0.050434463 -0.996410072 -45.365798950 -0.028132735 0.998227417 0.052446287 1.319828868 0.997288942 0.031597923 -0.066457629 21.290184021
-0.067299366 0.050105270 -0.996474087 -46.466522217 -0.029350111 0.998206556 0.052174624 1.356318235 0.997301221 0.032757934 -0.065708160 21.203990936
-0.065813422 0.054099780 -0.996364474 -47.604614258 -0.030334024 0.997959197 0.056190047 1.402133465 0.997370899 0.033921789 -0.064038038 21.119628906
-0.063905954 0.057319965 -0.996308565 -48.729797363 -0.030014949 0.997787058 0.059330273 1.441842079 0.997504592 0.033695694 -0.062044024 21.035030365
-0.062210321 0.056868814 -0.996441782 -49.869712830 -0.028495302 0.997867167 0.058729205 1.496728539 0.997656405 0.032047462 -0.060457110 20.944301605
-0.059635043 0.055976700 -0.996649504 -50.995758057 -0.028204802 0.997933388 0.057736456 1.544882059 0.997821689 0.031553417 -0.057932973 20.863452911
-0.055774331 0.056444976 -0.996846735 -52.158096313 -0.032543398 0.997767508 0.058317941 1.597855210 0.997913003 0.035693411 -0.053812861 20.783573151
-0.050020099 0.057373464 -0.997098982 -53.312149048 -0.037578419 0.997533619 0.059283622 1.648019433 0.998041034 0.040434770 -0.047740698 20.702625275
-0.044172883 0.056700803 -0.997413635 -54.459663391 -0.041662566 0.997414947 0.058546007 1.705308795 0.998154879 0.044140950 -0.041696310 20.630931854
-0.038558006 0.055996250 -0.997686207 -55.622791290 -0.043040801 0.997408986 0.057644106 1.756509423 0.998329043 0.045163855 -0.036048055 20.569805145
-0.033134222 0.054720458 -0.997951925 -56.776481628 -0.043164767 0.997490048 0.056128301 1.810100555 0.998518467 0.044936121 -0.030689120 20.521018982
-0.027280807 0.054672550 -0.998131692 -57.944507599 -0.041175373 0.997594357 0.055768520 1.858890891 0.998779535 0.042619847 -0.024964094 20.467479706
-0.021932840 0.055251691 -0.998231530 -59.110183716 -0.040269312 0.997612596 0.056102216 1.906983495 0.998948097 0.041428581 -0.019655585 20.432365417
-0.016184568 0.056641191 -0.998263538 -60.271747589 -0.039796419 0.997566581 0.057246860 1.957011819 0.999076843 0.040653821 -0.013891101 20.393947601
-0.010947347 0.058206324 -0.998244584 -61.456886292 -0.040006414 0.997479558 0.058600452 1.999673724 0.999139488 0.040577706 -0.008591175 20.376399994
-0.005986333 0.057267983 -0.998340964 -62.629692078 -0.039366934 0.997571349 0.057459891 2.048587799 0.999206960 0.039645590 -0.003717422 20.362819672
-0.001042366 0.052592933 -0.998615682 -63.798545837 -0.039636407 0.997829139 0.052592888 2.099673271 0.999213815 0.039636344 0.001044452 20.343761444
0.003405988 0.047623459 -0.998859644 -64.989662170 -0.039470360 0.998093367 0.047452338 2.132454634 0.999215007 0.039263718 0.005279243 20.333427429
0.006889045 0.047218502 -0.998860955 -66.167037964 -0.039200738 0.998129487 0.046913560 2.170188904 0.999207735 0.038832892 0.008727133 20.330741882
0.010831892 0.049388390 -0.998721063 -67.358039856 -0.038998492 0.998040497 0.048931763 2.211266756 0.999180734 0.038418576 0.012736738 20.316589355
0.012700438 0.049242098 -0.998706162 -68.551574707 -0.038714651 0.998062015 0.048718005 2.243496895 0.999169648 0.038045816 0.014582217 20.319084167
0.013671875 0.048860084 -0.998712122 -69.741226196 -0.040780358 0.998001635 0.048267059 2.288867950 0.999074697 0.040067926 0.015637100 20.319404602
0.014828205 0.049794104 -0.998649538 -70.928565979 -0.042105798 0.997904420 0.049131755 2.324777365 0.999003232 0.041320387 0.016893744 20.315650940
0.015485883 0.049958579 -0.998631239 -72.135787964 -0.042226452 0.997892618 0.049266815 2.354045391 0.998988092 0.041405708 0.017562866 20.325729370
0.016649306 0.047789965 -0.998718739 -73.334640503 -0.042630069 0.997982740 0.047044076 2.395482063 0.998952270 0.041792192 0.018652976 20.328224182
0.017723680 0.046140917 -0.998777688 -74.522010803 -0.041180570 0.998120666 0.045379795 2.436160088 0.998994470 0.040325940 0.019590497 20.327613831
0.017665863 0.046352509 -0.998768985 -75.748405457 -0.037854753 0.998239636 0.045658380 2.462132454 0.999127150 0.037001558 0.019389391 20.342933655
0.017936647 0.046707500 -0.998747587 -76.957824707 -0.035701904 0.998301148 0.046045445 2.502923727 0.999201536 0.034831285 0.019573748 20.355155945
0.017817140 0.049854975 -0.998597562 -78.164749146 -0.035070699 0.998172641 0.049208023 2.531955004 0.999226034 0.034144767 0.019533038 20.368141174
0.018628895 0.053292278 -0.998405278 -79.361320496 -0.037282497 0.997920990 0.052570790 2.572744846 0.999131203 0.036243699 0.020577013 20.366455078
0.018775344 0.053515151 -0.998390615 -80.570053101 -0.039297741 0.997834384 0.052746322 2.611029148 0.999051213 0.038244154 0.020837724 20.383476257
0.018882453 0.051676605 -0.998485446 -81.766426086 -0.040103827 0.997898877 0.050887838 2.649653673 0.999017239 0.039082184 0.020915210 20.392639160
0.019601405 0.049111806 -0.998601079 -82.960395813 -0.040195111 0.998024046 0.048294444 2.690712929 0.998999715 0.039192226 0.021536708 20.393875122
0.019829094 0.048375439 -0.998632431 -84.161117554 -0.037874304 0.998148203 0.047599941 2.729676485 0.999085784 0.036878638 0.021624565 20.405220032
0.019600928 0.049896277 -0.998562098 -85.364494324 -0.036887769 0.998109996 0.049149614 2.761024952 0.999127209 0.035871346 0.021404445 20.421272278
0.019793332 0.052601501 -0.998419404 -86.556762695 -0.036031261 0.998003900 0.051865302 2.797500372 0.999154687 0.034947723 0.021649122 20.434501648
0.020460367 0.054808628 -0.998287380 -87.755264282 -0.036617231 0.997867405 0.054035086 2.837109566 0.999119997 0.035448927 0.022423685 20.446708679
0.020624459 0.055163164 -0.998264253 -88.958961487 -0.038888339 0.997765362 0.054332148 2.873634338 0.999030650 0.037700277 0.022723556 20.446105957
0.021211267 0.052957043 -0.998371601 -90.151176453 -0.038460780 0.997900188 0.052114908 2.916236401 0.999035060 0.037292715 0.023203492 20.458160400
0.021082342 0.051770154 -0.998436511 -91.343643188 -0.037080161 0.998011827 0.050965175 2.951680422 0.999089897 0.035947718 0.022960126 20.471389771
0.021391332 0.052573901 -0.998387933 -92.504592896 -0.035588484 0.998023570 0.051792204 2.992748976 0.999137580 0.034423210 0.023220062 20.487968445
0.021233141 0.054914333 -0.998265266 -93.708114624 -0.033113558 0.997981191 0.054194380 3.040286064 0.999226034 0.031905401 0.023008645 20.510513306
0.021586239 0.057644743 -0.998103797 -94.893806458 -0.032162890 0.997859657 0.056935053 3.076919079 0.999249518 0.030872887 0.023394048 20.523590088
0.022082806 0.059310559 -0.997995257 -96.091812134 -0.033120856 0.997734189 0.058562171 3.125142813 0.999207377 0.031761240 0.023997188 20.532554626
0.022869766 0.061197806 -0.997863591 -97.288536072 -0.035522372 0.997544169 0.060364086 3.174007654 0.999107182 0.034065966 0.024987519 20.537246704
0.022940934 0.060674135 -0.997893989 -98.443931580 -0.037531376 0.997505307 0.059787687 3.212246895 0.999032080 0.036080752 0.025160849 20.553733826
0.022745609 0.056600314 -0.998137772 -99.615852356 -0.039751612 0.997657716 0.055667229 3.260908604 0.998950660 0.038411401 0.024942279 20.560974121
0.023397207 0.054929756 -0.998216212 -100.789817810 -0.041954700 0.997663736 0.053915981 3.306593418 0.998845637 0.040618364 0.025647104 20.566383362
0.023663938 0.053347923 -0.998295605 -101.960411072 -0.041212276 0.997778416 0.052343376 3.341394424 0.998870194 0.039903380 0.025809944 20.580284119
0.023570240 0.053899895 -0.998268247 -103.138710022 -0.039743423 0.997806668 0.052936591 3.383497715 0.998932004 0.038426861 0.025660694 20.603767395
0.023618817 0.055915084 -0.998156130 -104.301216125 -0.040287688 0.997676849 0.054934926 3.424283504 0.998908937 0.038915902 0.025816619 20.615295410
0.023435831 0.058086477 -0.998036504 -105.480194092 -0.038951293 0.997605681 0.057146754 3.465005398 0.998966277 0.037535522 0.025642276 20.635795593
0.022891581 0.056958612 -0.998114109 -106.657508850 -0.042770229 0.997517407 0.055943634 3.511980772 0.998822689 0.041408930 0.025270879 20.649330139
0.022568226 0.058339238 -0.998041689 -107.840576172 -0.046755802 0.997265220 0.057236586 3.558296919 0.998651385 0.045372512 0.025234222 20.659515381
0.022494435 0.057568356 -0.998088121 -109.036781311 -0.050264433 0.997143269 0.056381021 3.608224869 0.998482585 0.048900072 0.025323808 20.659240723
0.022082567 0.053746447 -0.998310506 -110.235794067 -0.051096961 0.997309506 0.052562300 3.655285358 0.998449624 0.049849916 0.024769425 20.674949646
0.021791697 0.050156325 -0.998503625 -111.436828613 -0.050778121 0.997507274 0.048998073 3.695064545 0.998472214 0.049634382 0.024284184 20.679946899
0.020811677 0.049179416 -0.998573184 -112.650123596 -0.047451746 0.997712433 0.048148066 3.738337755 0.998656750 0.046381995 0.023097694 20.692939758
0.020408154 0.048600849 -0.998609781 -113.840446472 -0.043109082 0.997931659 0.047686841 3.770168304 0.998861969 0.042075943 0.022461116 20.715431213
0.020267010 0.050428212 -0.998522043 -115.085227966 -0.042520236 0.997867048 0.049532101 3.815821171 0.998890042 0.041453525 0.022368014 20.715667725
0.019477546 0.054075766 -0.998346865 -116.316635132 -0.041299019 0.997727573 0.053236481 3.856734753 0.998956978 0.040193830 0.021666527 20.728240967
0.018825352 0.054335549 -0.998345375 -117.556961060 -0.039869562 0.997768819 0.053552367 3.902665615 0.999027610 0.038795441 0.020949662 20.737144470
0.018230975 0.050049674 -0.998580337 -118.794937134 -0.039633349 0.997997522 0.049296882 3.941710234 0.999047995 0.038678352 0.020178139 20.748191833
0.017048657 0.046164140 -0.998788357 -120.045639038 -0.039993230 0.998165607 0.045452699 3.986651421 0.999054492 0.039169863 0.018863618 20.760444641
0.016361475 0.044852398 -0.998859763 -121.298492432 -0.038557433 0.998278618 0.044194724 4.023782730 0.999122560 0.037790369 0.018062711 20.767280579
0.016223609 0.046093073 -0.998805404 -122.564895630 -0.040989000 0.998127818 0.045396019 4.066441059 0.999027908 0.040203545 0.018082559 20.764198303
0.015371919 0.050901085 -0.998585463 -123.848678589 -0.045487709 0.997704983 0.050155982 4.107021332 0.998846710 0.044652365 0.017652035 20.764747620
0.015588105 0.054640941 -0.998384476 -125.135574341 -0.051508367 0.997223794 0.053773202 4.146395683 0.998551011 0.050586924 0.018359303 20.751754761
0.015532315 0.054382306 -0.998399377 -126.420028687 -0.058881480 0.996836722 0.053381152 4.195194244 0.998144150 0.057958096 0.018685281 20.745567322
0.015502930 0.052341171 -0.998508871 -127.705673218 -0.061800376 0.996769786 0.051290490 4.242681980 0.997968078 0.060913071 0.018687606 20.742935181
0.015166879 0.051077407 -0.998579562 -128.994094849 -0.064285941 0.996677935 0.050003737 4.287867546 0.997816324 0.063436225 0.018400013 20.749275208
0.015144885 0.050509851 -0.998608708 -130.271697998 -0.064248711 0.996708512 0.049439341 4.324678421 0.997819006 0.063410573 0.018340230 20.743316650
0.014575720 0.049337164 -0.998675823 -131.551467896 -0.061549857 0.996932089 0.048352692 4.368672371 0.997997582 0.060763579 0.017567694 20.750610352
0.013969660 0.050336827 -0.998634636 -132.821929932 -0.062211484 0.996840894 0.049376149 4.402119637 0.997965276 0.061436769 0.017057061 20.761123657
0.013456106 0.055396967 -0.998373806 -134.107177734 -0.062106844 0.996582568 0.054460496 4.445852280 0.997978866 0.061273009 0.016850650 20.758178711
0.012817621 0.059404075 -0.998151779 -135.399780273 -0.060822222 0.996431649 0.058520664 4.492059708 0.998066366 0.059959706 0.016384959 20.764831543
0.012759745 0.058263116 -0.998219788 -136.671798706 -0.061564885 0.996452749 0.057373028 4.542423248 0.998021603 0.060723212 0.016301453 20.764297485
0.013651192 0.056700662 -0.998298049 -137.954452515 -0.061197907 0.996566594 0.055765476 4.590340614 0.998032451 0.060332466 0.017074287 20.767776489
0.014732182 0.056254793 -0.998307884 -139.223251343 -0.060286008 0.996649683 0.055271707 4.635679245 0.998072565 0.059369706 0.018074214 20.771194458
0.015742302 0.055634785 -0.998327255 -140.496276855 -0.060619552 0.996667266 0.054586388 4.678169250 0.998036981 0.059658818 0.019062400 20.776992798
0.016309023 0.057736721 -0.998198688 -141.767440796 -0.060446192 0.996562362 0.056654476 4.726058006 0.998038232 0.059413321 0.019742966 20.788345337
0.017227113 0.061263416 -0.997972965 -143.041625977 -0.061403740 0.996301889 0.060100872 4.776294708 0.997964323 0.060243908 0.020925224 20.796234131
0.018456578 0.062181212 -0.997894228 -144.306686401 -0.062731028 0.996169865 0.060913518 4.830726147 0.997859776 0.061474673 0.022286594 20.800796509
0.019551635 0.059733678 -0.998022974 -145.585906982 -0.064981803 0.996178985 0.058350299 4.876128197 0.997695029 0.063712478 0.023358524 20.804870605
0.019712508 0.056707803 -0.998196244 -146.869064331 -0.063940503 0.996417880 0.055344068 4.926305771 0.997759044 0.062734194 0.023267806 20.816772461
0.020137191 0.054951470 -0.998286009 -148.152252197 -0.061382260 0.996672809 0.053624481 4.975110054 0.997911215 0.060197197 0.023443222 20.826370239
0.019645154 0.054596867 -0.998315215 -149.409591675 -0.059630346 0.996794403 0.053340264 5.008361816 0.998027205 0.058481999 0.022837818 20.844619751
0.019477427 0.055021986 -0.998295188 -150.666946411 -0.057278395 0.996906102 0.053827886 5.052418709 0.998168290 0.056132313 0.022568703 20.856948853
0.019092321 0.053360138 -0.998392761 -151.932876587 -0.055186257 0.997108757 0.052236181 5.098066807 0.998293459 0.054100256 0.021981895 20.879150391
0.019326925 0.053587571 -0.998376071 -153.180801392 -0.054267697 0.997146845 0.052471060 5.141012192 0.998339355 0.053165469 0.022179842 20.883712769
0.019208372 0.056083281 -0.998241305 -154.456802368 -0.052579384 0.997100592 0.055007447 5.190493584 0.998432040 0.051430311 0.022101462 20.896209717
0.018765092 0.057164188 -0.998188496 -155.707092285 -0.049931310 0.997172058 0.056167312 5.238208771 0.998576403 0.048786864 0.021566331 20.913925171
0.018891394 0.055721976 -0.998267651 -156.955230713 -0.047555041 0.997365832 0.054771699 5.283008099 0.998690009 0.046437941 0.021491468 20.922637939
0.017958939 0.056192357 -0.998258531 -158.201766968 -0.048737496 0.997281790 0.055260576 5.326656342 0.998650253 0.047660187 0.020648777 20.928573608
0.018434405 0.060753651 -0.997982562 -159.478042603 -0.049403884 0.996988237 0.059780546 5.378849983 0.998608768 0.048202194 0.021380365 20.938018799
0.018735349 0.067413859 -0.997549236 -160.729705811 -0.054333318 0.996318638 0.066310242 5.430553913 0.998347163 0.052957803 0.022329211 20.945556641
0.020141006 0.067480542 -0.997517288 -162.000198364 -0.059078343 0.996056616 0.066188864 5.487857819 0.998050153 0.057598557 0.024048269 20.943542480
0.021367788 0.063846573 -0.997731030 -163.245605469 -0.062839411 0.996071339 0.062394571 5.545199871 0.997794986 0.061363582 0.025295973 20.947311401
0.023247540 0.058738463 -0.998002768 -164.489410400 -0.064522326 0.996279359 0.057134040 5.591018200 0.997645557 0.063065223 0.026951015 20.959350586
0.023824930 0.057092007 -0.998084724 -165.729125977 -0.066931047 0.996219099 0.055387601 5.639872074 0.997473240 0.065483235 0.027556062 20.971893311
0.025238514 0.053780068 -0.998233795 -166.980361938 -0.062089041 0.996708393 0.052128077 5.683464527 0.997751415 0.060663745 0.028494596 20.997650146
0.025380731 0.049404025 -0.998456359 -168.214035034 -0.059111837 0.997104645 0.047834523 5.727443695 0.997928679 0.057806514 0.028227568 21.015899658
0.024933279 0.045775857 -0.998640656 -169.458984375 -0.052469555 0.997634113 0.044419702 5.764023781 0.998311341 0.051290687 0.027276158 21.044952393
0.023846507 0.048618048 -0.998532832 -170.710861206 -0.050058004 0.997621894 0.047378231 5.802567482 0.998461664 0.048854742 0.026223540 21.063659668
0.024900854 0.055149838 -0.998167634 -171.980407715 -0.051049471 0.997244596 0.053825326 5.841007710 0.998385787 0.049615622 0.027647555 21.075286865
0.026207089 0.058331482 -0.997953236 -173.207305908 -0.052426863 0.997002482 0.056899130 5.884961128 0.998280883 0.050828390 0.029186666 21.101150513
0.027687073 0.054903224 -0.998107672 -174.434890747 -0.053211667 0.997155786 0.053374793 5.932532310 0.998199284 0.051633183 0.030529857 21.120697021
0.028230548 0.055231772 -0.998074472 -175.664352417 -0.055779070 0.997003675 0.053594802 5.977994919 0.998044074 0.054158647 0.031226754 21.138732910
0.029703796 0.056314994 -0.997971058 -176.900878906 -0.054338515 0.997026265 0.054644335 6.019138813 0.998080671 0.052605126 0.032675505 21.156539917
0.030035853 0.053998835 -0.998089314 -178.116546631 -0.054311112 0.997152746 0.052313760 6.066264629 0.998072386 0.052636035 0.032883108 21.183425903
0.032073319 0.052498769 -0.998105824 -179.335784912 -0.054532420 0.997224033 0.050700035 6.105924606 0.997996747 0.052803006 0.034847140 21.204269409
0.033562481 0.054460388 -0.997951865 -180.509811401 -0.055457599 0.997077346 0.052547544 6.141014576 0.997896910 0.053580374 0.036484659 21.233123779
0.034728289 0.056376129 -0.997805595 -181.663009644 -0.055602562 0.996970236 0.054393705 6.168725967 0.997848988 0.053591531 0.037757695 21.257843018
0.035030425 0.057784885 -0.997714400 -182.777389526 -0.056640740 0.996837139 0.055745382 6.202778816 0.997780025 0.054558482 0.038192570 21.286987305
0.035501182 0.059273213 -0.997610331 -183.887435913 -0.056903262 0.996739984 0.057196524 6.228540421 0.997748315 0.054736730 0.038758278 21.306777954
0.035399854 0.060078777 -0.997565806 -184.953140259 -0.056260370 0.996728182 0.058031864 6.265865326 0.997788429 0.054069094 0.038664043 21.330261230
0.035916090 0.059187625 -0.997600555 -185.995895386 -0.056595534 0.996762991 0.057100356 6.296949863 0.997750938 0.054408915 0.039149582 21.356536865
0.037339389 0.059248455 -0.997544706 -186.992446899 -0.057694089 0.996703565 0.057038929 6.327487469 0.997635841 0.055422630 0.040634573 21.382125854
0.038598955 0.059927918 -0.997456193 -187.965484619 -0.058143180 0.996643484 0.057629105 6.357375622 0.997561812 0.055770848 0.041953802 21.413955688
0.037925959 0.058356106 -0.997575283 -188.914764404 -0.056830827 0.996803582 0.056150362 6.384539604 0.997663319 0.054563455 0.041121185 21.441375732
0.034897804 0.055504367 -0.997848392 -189.878646851 -0.054516327 0.997075677 0.053554785 6.410426617 0.997902870 0.052530084 0.037821651 21.461990356
0.030080020 0.051901639 -0.998199165 -190.811584473 -0.054616358 0.997244418 0.050206169 6.438865662 0.998054326 0.053007789 0.032831788 21.480316162
0.025363445 0.048832361 -0.998484910 -191.783737183 -0.056044176 0.997304857 0.047351014 6.472434998 0.998106122 0.054758277 0.028031886 21.486068726
0.021533132 0.048089162 -0.998610914 -192.725891113 -0.058375143 0.997198880 0.046762414 6.503919601 0.998062491 0.057287112 0.024280012 21.493621826
0.018649161 0.048843171 -0.998632312 -193.674804688 -0.060042594 0.997058094 0.047644895 6.528340340 0.998021603 0.059071939 0.021526933 21.497955322
0.016664743 0.050651651 -0.998577356 -194.602310181 -0.058880769 0.997032523 0.049590658 6.554450035 0.998125970 0.057970580 0.019597709 21.502868652
0.015133619 0.052147042 -0.998524725 -195.553451538 -0.055739477 0.997130215 0.051229425 6.580689430 0.998330653 0.054881960 0.017996848 21.512481689
0.013498783 0.052159376 -0.998547554 -196.484069824 -0.054145452 0.997211456 0.051357623 6.614249706 0.998441815 0.053373542 0.016285300 21.519668579
0.012834370 0.050969496 -0.998617828 -197.415237427 -0.054891121 0.997229993 0.050193194 6.645004272 0.998409927 0.054171044 0.015596569 21.514770508
0.012099981 0.050376769 -0.998657048 -198.327575684 -0.056431551 0.997172773 0.049618155 6.664693832 0.998333216 0.055755384 0.014908612 21.512741089
0.012212694 0.049674496 -0.998690963 -199.245727539 -0.060000010 0.997002006 0.048856765 6.695168018 0.998123825 0.059324779 0.015156567 21.505615234
0.012910426 0.048074216 -0.998760343 -200.176910400 -0.063074403 0.996893525 0.047169030 6.722246170 0.997925341 0.062387235 0.015902579 21.506958008
0.013718188 0.045891300 -0.998852491 -201.106597900 -0.062714264 0.997018933 0.044945747 6.740428925 0.997937500 0.062025703 0.016555309 21.511260986
0.014400601 0.043709636 -0.998940527 -202.041717529 -0.062315896 0.997141242 0.042732567 6.760721684 0.997952640 0.061634496 0.017083287 21.511962891
0.015185654 0.042745549 -0.998970568 -202.981124878 -0.062308915 0.997184455 0.041721947 6.794137955 0.997941375 0.061611198 0.017806292 21.510406494
0.015969932 0.045505036 -0.998836458 -203.935852051 -0.059856210 0.997215748 0.044474188 6.817543507 0.998079240 0.059076313 0.018649220 21.514175415
0.015711010 0.047051989 -0.998768985 -204.883361816 -0.059012827 0.997194529 0.046049520 6.838590622 0.998133719 0.058216684 0.018443644 21.521743774
0.016448915 0.043330628 -0.998925388 -205.843276978 -0.054276589 0.997626126 0.042380519 6.868025303 0.998390496 0.053521149 0.018761694 21.536102295
0.016769052 0.039858263 -0.999064684 -206.802215576 -0.052728467 0.997850001 0.038924769 6.898241043 0.998468161 0.052026413 0.018834651 21.543487549
0.016826630 0.040276438 -0.999046922 -207.770751953 -0.057244968 0.997588158 0.039253473 6.926060677 0.998218358 0.056529902 0.019091666 21.545867920
0.017971694 0.044407651 -0.998851895 -208.750152588 -0.058516305 0.997347474 0.043287922 6.948515892 0.998124719 0.057671156 0.020522594 21.547851562
0.020894527 0.044284578 -0.998800457 -209.738586426 -0.056967530 0.997448206 0.043032881 6.975546360 0.998157382 0.056000043 0.023364007 21.549835205
0.022955120 0.045341674 -0.998707831 -210.718292236 -0.055752743 0.997474432 0.044004213 7.010951519 0.998180807 0.054670576 0.025425076 21.565811157
0.024610937 0.049586162 -0.998466551 -211.717727661 -0.056866005 0.997221351 0.048122648 7.049151897 0.998078406 0.055594463 0.027362287 21.573410034
0.025789738 0.053422190 -0.998239040 -212.716400146 -0.054110721 0.997181714 0.051967643 7.080467224 0.998201966 0.052675188 0.028607786 21.596984863
0.027276158 0.053548627 -0.998192787 -213.729370117 -0.053610433 0.997205436 0.052030727 7.122614861 0.998189449 0.052094333 0.030070722 21.611892700
0.029350221 0.054644540 -0.998074532 -214.745513916 -0.057175037 0.996961594 0.052902266 7.157681942 0.997932792 0.055512242 0.032385349 21.623718262
0.032200158 0.056707624 -0.997871399 -215.785125732 -0.059569728 0.996723235 0.054720126 7.194594383 0.997704625 0.057680935 0.035472691 21.645874023
0.035768211 0.057353020 -0.997713149 -216.826995850 -0.060710441 0.996632636 0.055114426 7.233139515 0.997514486 0.058600247 0.039129734 21.670288086
0.038487315 0.054205410 -0.997787774 -217.882537842 -0.063332632 0.996652424 0.051700823 7.278242111 0.997250021 0.061202705 0.041791439 21.698883057
0.041101992 0.051933851 -0.997804344 -218.904586792 -0.063184038 0.996784568 0.049278066 7.303761482 0.997155130 0.061019883 0.044251263 21.736801147
