1.000000000 0.000000000 0.000000000 0.000000000 0.000000000 1.000000000 0.000000000 0.000000000 0.000000000 0.000000000 1.000000000 0.000000000
0.999999940 -0.000086372 0.000274627 -0.031841457 0.000085990 0.999999046 0.001389961 -0.015298047 -0.000274747 -0.001389937 0.999998987 1.342191458
0.999998391 -0.001735341 -0.000478395 -0.040742625 0.001736127 0.999997139 0.001648765 -0.046027016 0.000475532 -0.001649593 0.999998510 2.658387899
0.999994934 -0.003138622 -0.000508076 -0.058131557 0.003139006 0.999994814 0.000757587 -0.067464083 0.000505696 -0.000759178 0.999999583 3.990877390
0.999993443 -0.003605428 -0.000381789 -0.074973553 0.003605784 0.999993086 0.000936134 -0.093894571 0.000378411 -0.000937505 0.999999464 5.320649147
0.999992073 -0.003950329 -0.000525063 -0.090449788 0.003951260 0.999990582 0.001784776 -0.116768412 0.000518008 -0.001786836 0.999998271 6.669365883
0.999985754 -0.005329231 -0.000336664 -0.097390160 0.005330179 0.999981642 0.002883401 -0.137842059 0.000321292 -0.002885154 0.999995768 8.023426056
0.999988675 -0.004746790 -0.000409405 -0.121724546 0.004748119 0.999983251 0.003309066 -0.157451972 0.000393691 -0.003310973 0.999994457 9.378730774
0.999990821 -0.004188159 -0.000896640 -0.132255137 0.004189631 0.999989867 0.001645849 -0.186191097 0.000889738 -0.001649591 0.999998271 10.718176842
0.999998629 -0.001430836 -0.000833493 -0.158859223 0.001430507 0.999998927 -0.000395054 -0.211724207 0.000834058 0.000393861 0.999999583 12.063938141
0.999997795 0.001930157 -0.000837122 -0.173921749 -0.001931281 0.999997258 -0.001343195 -0.234356508 0.000834527 0.001344809 0.999998748 13.431449890
0.999990165 0.004354849 -0.000833889 -0.201165795 -0.004356029 0.999989510 -0.001418892 -0.261343300 0.000827701 0.001422510 0.999998629 14.788177490
0.999985397 0.005374487 -0.000585708 -0.218800589 -0.005374798 0.999985397 -0.000530537 -0.287963837 0.000582848 0.000533677 0.999999702 16.155424118
0.999995351 0.003045497 -0.000282906 -0.233261675 -0.003044900 0.999993205 0.002086412 -0.310591012 0.000289258 -0.002085541 0.999997795 17.531650543
0.999998689 -0.001619801 -0.000220764 -0.241728544 0.001620696 0.999990225 0.004117833 -0.337566435 0.000214092 -0.004118185 0.999991477 18.906570435
0.999993086 -0.003677270 -0.000504737 -0.258091956 0.003678063 0.999992013 0.001580299 -0.355562478 0.000498922 -0.001582145 0.999998629 20.280286789
0.999986410 -0.005192074 -0.000514956 -0.273343682 0.005192075 0.999986529 0.000001458 -0.384803563 0.000514941 -0.000004132 0.999999881 21.654741287
0.999997318 -0.002255098 0.000546850 -0.306302994 0.002256068 0.999995887 -0.001780929 -0.403401107 -0.000542832 0.001782158 0.999998271 23.020006180
0.999999523 0.000224515 0.000954691 -0.316797793 -0.000224569 1.000000000 0.000057123 -0.429872066 -0.000954678 -0.000057337 0.999999523 24.410165787
0.999998450 0.000904836 0.001520771 -0.339908510 -0.000910431 0.999992788 0.003682575 -0.456996083 -0.001517428 -0.003683954 0.999992073 25.800985336
0.999996305 -0.001865640 0.001986895 -0.348200113 0.001854492 0.999982595 0.005597806 -0.473885506 -0.001997304 -0.005594100 0.999982357 27.206197739
0.999981403 -0.005897245 0.001540582 -0.353950769 0.005890569 0.999973416 0.004302657 -0.500069499 -0.001565915 -0.004293502 0.999989569 28.589878082
0.999981523 -0.005773590 0.001903132 -0.381163031 0.005769482 0.999981046 0.002156740 -0.518247008 -0.001915548 -0.002145720 0.999995887 29.961380005
0.999976575 -0.006469527 0.002225040 -0.380198330 0.006470658 0.999978960 -0.000501213 -0.544131935 -0.002221751 0.000515598 0.999997377 31.383235931
0.999991059 -0.002808186 0.003155938 -0.410712957 0.002812401 0.999995172 -0.001331901 -0.570636213 -0.003152183 0.001340765 0.999994159 32.770626068
0.999991536 -0.002290338 0.003425681 -0.420375258 0.002301885 0.999991655 -0.003370514 -0.600904882 -0.003417933 0.003378371 0.999988437 34.172229767
0.999992728 -0.001507988 0.003502948 -0.436906934 0.001517562 0.999995112 -0.002731986 -0.626068354 -0.003498811 0.002737282 0.999990106 35.573387146
0.999992967 -0.001210572 0.003554741 -0.459666550 0.001216211 0.999998033 -0.001584690 -0.654988885 -0.003552816 0.001589003 0.999992430 36.966331482
0.999995053 0.000314372 0.003137402 -0.466123343 -0.000313838 0.999999940 -0.000170649 -0.682988405 -0.003137455 0.000169663 0.999995053 38.401241302
0.999988794 0.003046326 0.003624792 -0.497873187 -0.003047377 0.999995291 0.000284540 -0.709974647 -0.003623908 -0.000295583 0.999993384 39.797466278
0.999981344 0.005080495 0.003390593 -0.501677036 -0.005080524 0.999987066 0.000000172 -0.746789753 -0.003390549 -0.000017398 0.999994278 41.240646362
0.999967456 0.007260532 0.003516302 -0.520590305 -0.007262327 0.999973476 0.000498109 -0.767886162 -0.003512592 -0.000523629 0.999993682 42.652236938
0.999960184 0.008383778 0.003052914 -0.535535216 -0.008385239 0.999964714 0.000466144 -0.793307304 -0.003048898 -0.000491725 0.999995232 44.074756622
0.999975204 0.006574548 0.002521628 -0.534120321 -0.006575762 0.999978244 0.000473280 -0.815124333 -0.002518461 -0.000489850 0.999996722 45.516670227
0.999983251 0.005552769 0.001618624 -0.548660517 -0.005553118 0.999984562 0.000211211 -0.852261007 -0.001617426 -0.000220195 0.999998689 46.939140320
0.999984026 0.005568732 0.000962515 -0.568575263 -0.005568999 0.999984443 0.000275144 -0.864744306 -0.000960968 -0.000280500 0.999999523 48.333454132
0.999983966 0.005660821 -0.000247568 -0.587097943 -0.005660503 0.999983191 0.001264518 -0.887932897 0.000254722 -0.001263096 0.999999166 49.767341614
0.999980688 0.006117733 -0.001120371 -0.620465279 -0.006116123 0.999980271 0.001434649 -0.923448622 0.001129126 -0.001427769 0.999998331 51.208396912
0.999978065 0.006379696 -0.001782768 -0.653463066 -0.006376108 0.999977648 0.002011077 -0.948546112 0.001795558 -0.001999666 0.999996364 52.632877350
0.999975979 0.006178324 -0.003133023 -0.677660048 -0.006173389 0.999979675 0.001582382 -0.950359762 0.003142736 -0.001563002 0.999993861 54.082725525
0.999981821 0.004549243 -0.003956622 -0.699218392 -0.004537223 0.999985099 0.003041655 -0.980284810 0.003970399 -0.003023647 0.999987543 55.540958405
0.999988258 0.002197025 -0.004314932 -0.730157316 -0.002183640 0.999992788 0.003104292 -1.001689196 0.004321721 -0.003094833 0.999985874 56.995059967
0.999991238 0.000473145 -0.004164368 -0.758411646 -0.000458703 0.999993861 0.003468486 -1.064727902 0.004165984 -0.003466545 0.999985337 58.390598297
0.999989986 -0.001063125 -0.004340205 -0.783043742 0.001081986 0.999989986 0.004345641 -1.094994068 0.004335542 -0.004350293 0.999981165 59.835727692
0.999991536 -0.001667866 -0.003754447 -0.808639169 0.001684837 0.999988377 0.004521820 -1.115940452 0.003746862 -0.004528108 0.999982715 61.247421265
0.999989986 -0.002766250 -0.003516096 -0.829473615 0.002784152 0.999983132 0.005096911 -1.135553837 0.003501937 -0.005106650 0.999980807 62.703090668
0.999986827 -0.004264524 -0.002853044 -0.853110969 0.004278125 0.999979436 0.004778259 -1.162305117 0.002832609 -0.004790402 0.999984503 64.141853333
0.999976933 -0.006369167 -0.002361591 -0.874588966 0.006378566 0.999971688 0.003994061 -1.180169821 0.002336086 -0.004009032 0.999989212 65.571983337
0.999982238 -0.005718431 -0.001689977 -0.895344317 0.005724740 0.999976575 0.003752633 -1.206006646 0.001668478 -0.003762241 0.999991536 66.987251282
0.999991715 -0.003928690 -0.001072614 -0.910721242 0.003932341 0.999986410 0.003423380 -1.237107992 0.001059150 -0.003427569 0.999993563 68.419532776
0.999999702 -0.000542694 -0.000497309 -0.936345041 0.000544910 0.999989867 0.004467335 -1.255463481 0.000494880 -0.004467605 0.999989927 69.822296143
0.999995828 0.002873586 0.000301318 -0.960321665 -0.002875284 0.999979079 0.005794313 -1.280196905 -0.000284662 -0.005795156 0.999983191 71.242294312
0.999982417 0.005861541 0.000882743 -0.979127288 -0.005866881 0.999963760 0.006173568 -1.298458576 -0.000846525 -0.006178638 0.999980569 72.648345947
0.999935329 0.011257594 0.001619184 -1.007454515 -0.011266778 0.999919832 0.005778943 -1.324884057 -0.001553997 -0.005796812 0.999981999 74.080924988
0.999904931 0.013497651 0.002823804 -1.049351335 -0.013512546 0.999894500 0.005324103 -1.339422584 -0.002751644 -0.005361754 0.999981821 75.475723267
0.999860883 0.016337063 0.003358816 -1.063429236 -0.016353766 0.999853730 0.005006529 -1.373173118 -0.003276533 -0.005060762 0.999981821 76.904609680
0.999869049 0.015781213 0.003587891 -1.076386929 -0.015800789 0.999860048 0.005495098 -1.397502422 -0.003500670 -0.005551070 0.999978483 78.309349060
0.999881387 0.014872804 0.004005610 -1.097253919 -0.014892688 0.999876678 0.004980749 -1.413411736 -0.003931039 -0.005039813 0.999979556 79.715484619
0.999902785 0.013473850 0.003583582 -1.103798509 -0.013488811 0.999900281 0.004183773 -1.438545465 -0.003526853 -0.004231705 0.999984801 81.107597351
0.999914408 0.012694094 0.003173387 -1.113404036 -0.012708525 0.999908805 0.004569414 -1.464484930 -0.003115093 -0.004609352 0.999984503 82.510948181
0.999914646 0.012702807 0.003058235 -1.137269139 -0.012716223 0.999909401 0.004407858 -1.481619596 -0.003001966 -0.004446371 0.999985635 83.909301758
0.999924481 0.012020971 0.002547208 -1.147539496 -0.012031204 0.999919474 0.004041032 -1.509362936 -0.002498426 -0.004071373 0.999988616 85.303047180
0.999925017 0.012100222 0.001886601 -1.167099833 -0.012108722 0.999916315 0.004560846 -1.531219959 -0.001831256 -0.004583348 0.999987841 86.690071106
0.999932349 0.011576812 0.001140128 -1.192921758 -0.011582831 0.999918222 0.005422795 -1.555723548 -0.001077256 -0.005435634 0.999984622 88.084587097
0.999953449 0.009645833 0.000192624 -1.203798771 -0.009646896 0.999931574 0.006613522 -1.582570076 -0.000128818 -0.006615073 0.999978125 89.488929749
0.999973536 0.007191980 -0.001078268 -1.227537155 -0.007184280 0.999949813 0.006983103 -1.601020932 0.001128437 -0.006975172 0.999975026 90.879470825
0.999984622 0.005163233 -0.002020769 -1.241549253 -0.005148667 0.999961197 0.007147855 -1.626489520 0.002057596 -0.007137340 0.999972403 92.284523010
0.999989986 0.003927235 -0.002153879 -1.263741970 -0.003912883 0.999970376 0.006627354 -1.647285461 0.002179843 -0.006618860 0.999975741 93.649276733
0.999993145 0.003082441 -0.002041096 -1.286446214 -0.003070216 0.999977469 0.005965755 -1.664951086 0.002059440 -0.005959448 0.999980092 95.011161804
0.999991953 0.003273103 -0.002328421 -1.304901958 -0.003259708 0.999978244 0.005733411 -1.695299387 0.002347137 -0.005725775 0.999980867 96.391975403
0.999992967 0.003054716 -0.002178017 -1.328294516 -0.003043206 0.999981463 0.005268874 -1.719587922 0.002194071 -0.005262209 0.999983728 97.760993958
0.999988437 0.004255465 -0.002237364 -1.342871547 -0.004245196 0.999980509 0.004575145 -1.744388819 0.002256789 -0.004565594 0.999987006 99.156166077
0.999983728 0.005432319 -0.001752787 -1.372265935 -0.005423873 0.999973834 0.004788251 -1.762462497 0.001778752 -0.004778665 0.999987006 100.512413025
0.999983490 0.005470838 -0.001760051 -1.393472195 -0.005459481 0.999964654 0.006394000 -1.783088803 0.001794969 -0.006384286 0.999978006 101.883033752
0.999971330 0.007485136 -0.001148061 -1.424820304 -0.007476497 0.999944985 0.007353903 -1.800392628 0.001203043 -0.007345108 0.999972284 103.227844238
0.999976337 0.006776483 -0.001206727 -1.439197898 -0.006769082 0.999958873 0.006035212 -1.824336410 0.001247575 -0.006026901 0.999981046 104.590736389
0.999976754 0.006735046 -0.001050998 -1.460802555 -0.006731023 0.999970198 0.003785697 -1.846303225 0.001076463 -0.003778534 0.999992311 105.941139221
0.999979496 0.006297203 -0.001169512 -1.480160594 -0.006294222 0.999976993 0.002535959 -1.873185635 0.001185454 -0.002528545 0.999996126 107.320312500
0.999989152 0.004548048 -0.001000839 -1.497303605 -0.004544314 0.999982834 0.003702033 -1.893658757 0.001017659 -0.003697444 0.999992669 108.673995972
0.999997795 0.002084635 -0.000241637 -1.515983701 -0.002083189 0.999980807 0.005836772 -1.915209413 0.000253800 -0.005836255 0.999982953 110.041313171
0.999999881 0.000318571 0.000389106 -1.532599449 -0.000320908 0.999981821 0.006020262 -1.938303113 -0.000387181 -0.006020386 0.999981821 111.460891724
0.999999404 -0.000732600 0.000805586 -1.542912483 0.000728842 0.999988914 0.004655250 -1.962040424 -0.000808987 -0.004654660 0.999988854 112.787689209
0.999996841 0.001436712 0.002073305 -1.561771393 -0.001442898 0.999994516 0.002985229 -1.990253568 -0.002069005 -0.002988211 0.999993384 114.118965149
0.999986112 0.003918871 0.003518519 -1.582660317 -0.003921010 0.999992132 0.000601152 -2.010484934 -0.003516136 -0.000614940 0.999993622 115.450012207
0.999965370 0.006812886 0.004785435 -1.593589902 -0.006815766 0.999976575 0.000585717 -2.034754276 -0.004781332 -0.000618313 0.999988377 116.818214417
0.999951124 0.007672726 0.006234479 -1.606125593 -0.007687446 0.999967694 0.002340448 -2.057547092 -0.006216320 -0.002388261 0.999977827 118.191558838
0.999941289 0.008096796 0.007201467 -1.614607930 -0.008130152 0.999956310 0.004614668 -2.081767559 -0.007163788 -0.004672946 0.999963403 119.547271729
0.999942303 0.007192904 0.007974732 -1.617013454 -0.007235715 0.999959469 0.005352584 -2.106944561 -0.007935908 -0.005409979 0.999953866 120.908302307
0.999930263 0.007866995 0.008807532 -1.610786200 -0.007907437 0.999958336 0.004566418 -2.125105381 -0.008771242 -0.004635745 0.999950767 122.284355164
0.999903798 0.009477525 0.010129052 -1.621100783 -0.009520281 0.999945939 0.004181292 -2.147091627 -0.010088876 -0.004277322 0.999939978 123.646102905
0.999869585 0.011490233 0.011351082 -1.627660275 -0.011535573 0.999925733 0.003936926 -2.171844721 -0.011305003 -0.004067354 0.999927819 125.031280518
0.999847054 0.012328497 0.012405576 -1.630420566 -0.012366416 0.999919057 0.002984551 -2.195033550 -0.012367778 -0.003137507 0.999918580 126.397018433
0.999823689 0.013224815 0.013329939 -1.630565643 -0.013254803 0.999909818 0.002163776 -2.218298435 -0.013300122 -0.002340080 0.999908805 127.764564514
0.999814928 0.012468991 0.014651933 -1.635009050 -0.012498728 0.999920011 0.001939766 -2.237614870 -0.014626574 -0.002122537 0.999890745 129.133880615
0.999811590 0.011945157 0.015298913 -1.629393578 -0.011991912 0.999923706 0.002967989 -2.264492750 -0.015262293 -0.003150893 0.999878585 130.514099121
0.999815524 0.010705910 0.015948704 -1.620807648 -0.010773066 0.999933422 0.004130817 -2.288899422 -0.015903417 -0.004301872 0.999864280 131.887145996
0.999820054 0.009716908 0.016293343 -1.616663337 -0.009791604 0.999941885 0.004511006 -2.309002161 -0.016248563 -0.004669732 0.999857068 133.263580322
0.999837756 0.007870091 0.016202908 -1.600108147 -0.007941198 0.999959111 0.004328873 -2.333595037 -0.016168175 -0.004456840 0.999859333 134.627410889
0.999850631 0.006578548 0.015983451 -1.597081423 -0.006662592 0.999964237 0.005210623 -2.354925156 -0.015948601 -0.005316335 0.999858677 135.997207642
0.999864459 0.005347922 0.015572645 -1.598361492 -0.005420791 0.999974549 0.004640800 -2.373326778 -0.015547429 -0.004724587 0.999867976 137.366760254
0.999883294 0.004001576 0.014745466 -1.600619912 -0.004073317 0.999979973 0.004838502 -2.393854380 -0.014725810 -0.004898001 0.999879599 138.714019775
0.999905467 0.001596177 0.013656065 -1.594229817 -0.001674033 0.999982417 0.005691677 -2.413845778 -0.013646740 -0.005714000 0.999890566 140.085494995
0.999910951 0.001406773 0.013272037 -1.608815074 -0.001483745 0.999982119 0.005791469 -2.439275742 -0.013263652 -0.005810646 0.999895155 141.406448364
0.999935567 0.000704048 0.011329398 -1.590626597 -0.000767446 0.999984086 0.005592441 -2.451402426 -0.011325281 -0.005600776 0.999920189 142.820114136
0.999948919 0.000232311 0.010105370 -1.595114589 -0.000285881 0.999985933 0.005299992 -2.474464417 -0.010103996 -0.005302610 0.999934912 144.182220459
0.999957502 -0.000622212 0.009199531 -1.589877725 0.000576177 0.999987304 0.005005938 -2.501520872 -0.009202529 -0.005000424 0.999945164 145.553009033
0.999961436 -0.002999738 0.008250880 -1.599548221 0.002978082 0.999992073 0.002635760 -2.521011591 -0.008258721 -0.002611087 0.999962509 146.913589478
0.999939501 -0.008450870 0.007042202 -1.592912316 0.008436081 0.999962151 0.002127103 -2.543300390 -0.007059911 -0.002067566 0.999972939 148.292800903
0.999853015 -0.015809730 0.006636266 -1.609097004 0.015778584 0.999864399 0.004719492 -2.566159964 -0.006709979 -0.004614087 0.999966860 149.652420044
0.999734998 -0.022516189 0.004797366 -1.603022575 0.022486925 0.999728739 0.006069059 -2.594863176 -0.004932716 -0.005959573 0.999970078 151.045883179
0.999653399 -0.026055969 0.003757231 -1.605022430 0.026046000 0.999657154 0.002678120 -2.614516497 -0.003825724 -0.002579331 0.999989331 152.407012939
0.999670744 -0.025295189 0.004305030 -1.617219925 0.025295557 0.999680042 -0.000031130 -2.646612644 -0.004302865 0.000140017 0.999990761 153.754089355
0.999747217 -0.021860104 0.005256937 -1.634161234 0.021871684 0.999758482 -0.002155380 -2.674532413 -0.005208550 0.002269813 0.999983847 155.115386963
0.999717414 -0.023068886 0.005738747 -1.639677286 0.023079038 0.999732196 -0.001709040 -2.712024689 -0.005697784 0.001841001 0.999982059 156.483032227
0.999642611 -0.026001636 0.006208853 -1.644882917 0.025990300 0.999660373 0.001899692 -2.739413738 -0.006256140 -0.001737643 0.999978900 157.850631714
0.999482036 -0.031387873 0.007103533 -1.660055757 0.031354155 0.999496758 0.004809015 -2.764541149 -0.007250902 -0.004583800 0.999963224 159.205398560
0.999343216 -0.035624966 0.006637037 -1.625910640 0.035586219 0.999349415 0.005867301 -2.789141178 -0.006841741 -0.005627261 0.999960780 160.658477783
0.999280989 -0.037309986 0.006744456 -1.631393671 0.037271634 0.999288797 0.005725549 -2.808213949 -0.006953279 -0.005470055 0.999960840 162.026687622
0.999372005 -0.034613930 0.007584215 -1.638202548 0.034565885 0.999382079 0.006376935 -2.823048353 -0.007800259 -0.006110775 0.999950886 163.404739380
0.999509096 -0.030094622 0.008708708 -1.652458429 0.030048598 0.999534011 0.005368242 -2.841814280 -0.008866205 -0.005103922 0.999947667 164.770050049
0.999581456 -0.027170565 0.009934916 -1.657841325 0.027138196 0.999625981 0.003378569 -2.864413500 -0.010022999 -0.003107539 0.999944925 166.125930786
0.999639690 -0.024593201 0.010756470 -1.667809248 0.024561845 0.999693692 0.003037512 -2.889806509 -0.010827878 -0.002772219 0.999937534 167.490402222
0.999676824 -0.022871939 0.011095933 -1.674409270 0.022827309 0.999730885 0.004132400 -2.909691095 -0.011187462 -0.003877774 0.999929905 168.866333008
0.999713659 -0.021310095 0.010883005 -1.679151177 0.021269444 0.999766409 0.003837421 -2.933321953 -0.010962239 -0.003604847 0.999933422 170.276107788
0.999768734 -0.018844707 0.010361616 -1.675871253 0.018833676 0.999821961 0.001161173 -2.950793982 -0.010381654 -0.000965757 0.999945641 171.653762817
0.999830961 -0.015482052 0.009920189 -1.690919280 0.015498524 0.999878645 -0.001585631 -2.975633383 -0.009894436 0.001739111 0.999949515 173.046737671
0.999902844 -0.009605130 0.010104190 -1.706415176 0.009635453 0.999949217 -0.002956606 -3.004710436 -0.010075278 0.003053678 0.999944568 174.431121826
0.999932051 -0.005275856 0.010397950 -1.712508678 0.005293054 0.999984682 -0.001627155 -3.038375616 -0.010389206 0.001682081 0.999944627 175.809234619
0.999938667 -0.002102833 0.010874205 -1.717463255 0.002101883 0.999997795 0.000098854 -3.064854860 -0.010874390 -0.000075991 0.999940872 177.202651978
0.999940336 -0.001028899 0.010876571 -1.725089312 0.001004982 0.999997079 0.002204163 -3.088107824 -0.010878806 -0.002193101 0.999938428 178.608352661
0.999940693 -0.004139573 0.010071213 -1.725702047 0.004110071 0.999987185 0.002948306 -3.106104136 -0.010083290 -0.002906738 0.999944925 180.002380371
0.999941468 -0.007012207 0.008236113 -1.719296932 0.006984838 0.999970019 0.003347136 -3.134180546 -0.008259337 -0.003289412 0.999960482 181.437026978
0.999953091 -0.007369668 0.006286247 -1.724355459 0.007374736 0.999972522 -0.000783448 -3.158417225 -0.006280301 0.000829771 0.999979913 182.845184326
0.999972045 -0.005837157 0.004671190 -1.731131554 0.005859382 0.999971509 -0.004758445 -3.188450813 -0.004643281 0.004785682 0.999977767 184.261978149
0.999990761 -0.000787579 0.004225311 -1.756811619 0.000810927 0.999984384 -0.005526999 -3.221780777 -0.004220893 0.005530374 0.999975801 185.689468384
0.999988735 0.002381862 0.004111993 -1.772330165 -0.002362328 0.999985933 -0.004748808 -3.253558874 -0.004123246 0.004739040 0.999980271 187.120956421
0.999981344 0.004240463 0.004401507 -1.789426565 -0.004235964 0.999990523 -0.001030884 -3.287092924 -0.004405837 0.001012220 0.999989808 188.552627563
0.999974310 0.005313450 0.004806686 -1.800359011 -0.005318011 0.999985397 0.000936521 -3.315355778 -0.004801640 -0.000962059 0.999988019 189.966430664
0.999979496 0.004249844 0.004795160 -1.810700059 -0.004258029 0.999989510 0.001697828 -3.331729889 -0.004787894 -0.001718211 0.999987066 191.416534424
0.999986112 0.002530477 0.004625385 -1.815578341 -0.002540898 0.999994218 0.002248403 -3.354104280 -0.004619669 -0.002260124 0.999986768 192.867065430
0.999986768 -0.000164134 0.005138675 -1.837480664 0.000149179 0.999995768 0.002910455 -3.377449989 -0.005139131 -0.002909650 0.999982536 194.325759888
0.999983907 -0.002762101 0.004950983 -1.827458024 0.002747453 0.999991834 0.002962942 -3.405462503 -0.004959126 -0.002949292 0.999983370 195.772521973
0.999965668 -0.006763757 0.004781353 -1.839920640 0.006744695 0.999969304 0.003991658 -3.423030376 -0.004808205 -0.003959273 0.999980628 197.209686279
0.999923408 -0.010972894 0.005723872 -1.842969894 0.010938866 0.999922514 0.005942632 -3.455904007 -0.005788636 -0.005879564 0.999965966 198.679824829
0.999885023 -0.014149388 0.005448754 -1.844629765 0.014120896 0.999886632 0.005232446 -3.467803478 -0.005522172 -0.005154904 0.999971449 200.148178101
0.999913573 -0.011490896 0.006385596 -1.850797296 0.011480744 0.999932766 0.001624227 -3.502548456 -0.006403830 -0.001550775 0.999978304 201.594451904
0.999967873 -0.004252700 0.006790271 -1.873346210 0.004277334 0.999984324 -0.003617452 -3.524852276 -0.006774780 0.003646380 0.999970376 203.038497925
0.999954164 0.004878086 0.008240054 -1.895333290 -0.004846828 0.999980986 -0.003809121 -3.554325581 -0.008258479 0.003769008 0.999958813 204.507400513
0.999875426 0.012754451 0.009297224 -1.923579216 -0.012753843 0.999918640 -0.000124585 -3.583750486 -0.009298056 0.000005995 0.999956787 205.961441040
0.999863446 0.013181644 0.009966335 -1.921471715 -0.013202871 0.999910712 0.002067094 -3.611160517 -0.009938197 -0.002198396 0.999948204 207.462097168
0.999886632 0.011550368 0.009660543 -1.930099010 -0.011576668 0.999929428 0.002671016 -3.633992672 -0.009629009 -0.002782551 0.999949753 208.924285889
0.999935448 0.007858808 0.008206688 -1.923206925 -0.007880843 0.999965429 0.002656180 -3.661246300 -0.008185530 -0.002720684 0.999962807 210.429122925
0.999956071 0.005845454 0.007326056 -1.935339689 -0.005860776 0.999980688 0.002071732 -3.683658600 -0.007313804 -0.002114577 0.999971032 211.899963379
0.999954998 0.006307896 0.007087940 -1.955879927 -0.006319149 0.999978781 0.001566356 -3.710081577 -0.007077910 -0.001611076 0.999973655 213.378311157
0.999946535 0.007756280 0.006835504 -1.945386529 -0.007768191 0.999968350 0.001717778 -3.736977339 -0.006821964 -0.001770786 0.999975145 214.891265869
0.999940813 0.008541704 0.006737406 -1.955565810 -0.008559556 0.999959946 0.002625225 -3.765394926 -0.006714712 -0.002682739 0.999973834 216.378112793
0.999947309 0.008183763 0.006199940 -1.957281470 -0.008195938 0.999964535 0.001940770 -3.784759045 -0.006183837 -0.001991482 0.999978900 217.866241455
0.999947846 0.008218736 0.006066182 -1.971023560 -0.008224639 0.999965727 0.000948755 -3.812530041 -0.006058177 -0.000998598 0.999981165 219.353378296
0.999963045 0.006369423 0.005773699 -1.989943862 -0.006374373 0.999979317 0.000839315 -3.838941336 -0.005768234 -0.000876088 0.999982953 220.864151001
0.999963999 0.006465618 0.005494156 -2.001900673 -0.006470756 0.999978662 0.000917975 -3.867507935 -0.005488104 -0.000953493 0.999984503 222.360656738
0.999960303 0.007040871 0.005458571 -2.020572901 -0.007044443 0.999974966 0.000635403 -3.891986847 -0.005453961 -0.000673830 0.999984920 223.854888916
0.999962986 0.006992757 0.005008939 -2.028802395 -0.006995250 0.999975443 0.000480438 -3.918663025 -0.005005457 -0.000515459 0.999987364 225.369644165
0.999958873 0.007792525 0.004643254 -2.041238546 -0.007793486 0.999969602 0.000188797 -3.947006941 -0.004641641 -0.000224976 0.999989212 226.878570557
0.999960124 0.007719560 0.004493964 -2.058296442 -0.007719334 0.999970198 -0.000067567 -3.972679853 -0.004494351 0.000032874 0.999989927 228.382675171
0.999955595 0.008297035 0.004464708 -2.083396196 -0.008297059 0.999965608 -0.000013190 -3.997581244 -0.004464664 -0.000023855 0.999990046 229.901977539
0.999963284 0.007555071 0.004040294 -2.081727266 -0.007554912 0.999971449 -0.000054714 -4.027211666 -0.004040592 0.000024188 0.999991834 231.418975830
0.999979854 0.005149972 0.003709686 -2.097702503 -0.005150584 0.999986708 0.000155313 -4.063182831 -0.003708836 -0.000174417 0.999993086 232.947250366
0.999979734 0.004701856 0.004295653 -2.116554737 -0.004702310 0.999988914 0.000095744 -4.088898659 -0.004295155 -0.000115941 0.999990761 234.470520020
0.999980807 0.003798917 0.004893118 -2.145943880 -0.003802410 0.999992549 0.000704706 -4.113461494 -0.004890404 -0.000723298 0.999987781 235.993164062
0.999984324 0.003198252 0.004599236 -2.149111986 -0.003204740 0.999993861 0.001403976 -4.153644562 -0.004594718 -0.001418694 0.999988437 237.537048340
0.999982536 0.003612096 0.004679093 -2.162311554 -0.003617601 0.999992788 0.001168602 -4.183743000 -0.004674838 -0.001185509 0.999988377 239.079116821
0.999979854 0.004045105 0.004897397 -2.172363520 -0.004048224 0.999991596 0.000627195 -4.211393356 -0.004894819 -0.000647008 0.999987841 240.613662720
0.999970675 0.005345590 0.005488674 -2.187311888 -0.005353566 0.999984622 0.001439470 -4.243848801 -0.005480895 -0.001468811 0.999983907 242.140243530
0.999963462 0.005692562 0.006378502 -2.199877024 -0.005713850 0.999978125 0.003324351 -4.264642715 -0.006359438 -0.003360675 0.999974132 243.687866211
0.999959707 0.005619891 0.007003693 -2.214176893 -0.005645978 0.999977171 0.003710598 -4.288844585 -0.006982680 -0.003749991 0.999968588 245.223388672
0.999953687 0.005904633 0.007596344 -2.225127697 -0.005922998 0.999979556 0.002397464 -4.317600250 -0.007582033 -0.002442346 0.999968290 246.752212524
0.999950945 0.005835186 0.008002499 -2.230585098 -0.005844792 0.999982238 0.001177563 -4.348229885 -0.007995485 -0.001224279 0.999967277 248.287643433
0.999944746 0.006429766 0.008317946 -2.237823248 -0.006444868 0.999977648 0.001790002 -4.377977848 -0.008306251 -0.001843511 0.999963820 249.835296631
0.999947906 0.006267864 0.008055341 -2.241259098 -0.006290644 0.999976277 0.002805693 -4.405423641 -0.008037564 -0.002856220 0.999963641 251.398468018
0.999943495 0.006504362 0.008411349 -2.262547493 -0.006532136 0.999973297 0.003278820 -4.433445454 -0.008389798 -0.003333579 0.999959230 252.955032349
0.999943435 0.007020176 0.007988928 -2.265116215 -0.007045425 0.999970257 0.003136709 -4.454821110 -0.007966670 -0.003192817 0.999963164 254.513442993
0.999935269 0.007965084 0.008125881 -2.277296305 -0.007994584 0.999961555 0.003604389 -4.484791279 -0.008096859 -0.003669119 0.999960482 256.058868408
0.999919534 0.009561097 0.008337798 -2.282015562 -0.009590136 0.999948084 0.003449770 -4.506639481 -0.008304381 -0.003529453 0.999959290 257.613525391
0.999917388 0.009507560 0.008648106 -2.297481298 -0.009542038 0.999946654 0.003954133 -4.537008286 -0.008610050 -0.004036327 0.999954760 259.167694092
0.999932826 0.007927067 0.008455380 -2.303549290 -0.007963736 0.999958992 0.004311963 -4.564344406 -0.008420852 -0.004379010 0.999954939 260.736724854
0.999946177 0.006025941 0.008444897 -2.313154936 -0.006066823 0.999969959 0.004823831 -4.582798004 -0.008415575 -0.004874805 0.999952734 262.295562744
0.999959052 0.003734113 0.008245016 -2.307691097 -0.003778060 0.999978721 0.005321082 -4.595925808 -0.008224971 -0.005352014 0.999951839 263.884857178
0.999966264 0.002220058 0.007905669 -2.306506157 -0.002256498 0.999986887 0.004603502 -4.619334698 -0.007895345 -0.004621186 0.999958158 265.460784912
0.999966919 0.000861035 0.008087388 -2.322365522 -0.000893746 0.999991417 0.004041940 -4.653664112 -0.008083839 -0.004049034 0.999959111 267.018096924
0.999962747 -0.000836761 0.008587916 -2.331210375 0.000789608 0.999984622 0.005492464 -4.672430992 -0.008592380 -0.005485478 0.999948025 268.583312988
0.999954164 -0.002579890 0.009221173 -2.341164589 0.002513979 0.999971271 0.007152271 -4.689188480 -0.009239360 -0.007128762 0.999931931 270.154724121
0.999950469 -0.003327833 0.009382502 -2.344332933 0.003270975 0.999976218 0.006068800 -4.704566002 -0.009402475 -0.006037809 0.999937594 271.725250244
0.999946177 -0.003166535 0.009877679 -2.351340055 0.003116046 0.999981999 0.005122667 -4.726491928 -0.009893722 -0.005091612 0.999938071 273.282073975
0.999938369 -0.002712093 0.010763133 -2.355947018 0.002655663 0.999982655 0.005253761 -4.754283428 -0.010777195 -0.005224854 0.999928296 274.859680176
0.999934852 -0.001112771 0.011357671 -2.352426052 0.001056721 0.999987245 0.004939886 -4.773289204 -0.011363023 -0.004927563 0.999923289 276.443969727
0.999925613 -0.000125337 0.012196850 -2.353848696 0.000064513 0.999987543 0.004987136 -4.801292896 -0.012197323 -0.004985978 0.999913156 278.010009766
0.999912441 0.001128607 0.013184226 -2.355182171 -0.001191344 0.999988019 0.004751593 -4.827078819 -0.013178705 -0.004766884 0.999901772 279.579681396
0.999903023 0.001962936 0.013785669 -2.346889019 -0.002025022 0.999987841 0.004491116 -4.852020741 -0.013776685 -0.004518596 0.999894857 281.147033691
0.999890268 0.002922446 0.014523377 -2.340646267 -0.002977269 0.999988496 0.003754633 -4.882269382 -0.014512237 -0.003797461 0.999887466 282.686859131
0.999876380 0.002147143 0.015575356 -2.341184378 -0.002199919 0.999991894 0.003372106 -4.906445503 -0.015567989 -0.003405954 0.999872983 284.251739502
0.999868453 0.001439259 0.016154196 -2.323302746 -0.001500936 0.999991655 0.003806568 -4.934127331 -0.016148582 -0.003830314 0.999862254 285.825012207
0.999857426 0.000361979 0.016880171 -2.320409775 -0.000440305 0.999989152 0.004636629 -4.954793453 -0.016878311 -0.004643401 0.999846756 287.426849365
0.999851525 -0.000657228 0.017219488 -2.314222813 0.000570636 0.999987185 0.005033189 -4.980417252 -0.017222574 -0.005022616 0.999839067 289.014892578
0.999856055 -0.000827336 0.016948074 -2.295693874 0.000781535 0.999996006 0.002708923 -5.010031223 -0.016950248 -0.002695287 0.999852717 290.605804443
0.999858439 -0.002429519 0.016649837 -2.281950951 0.002418636 0.999996841 0.000673721 -5.036143780 -0.016651422 -0.000633356 0.999861181 292.204895020
0.999869227 -0.002464411 0.015981803 -2.272983551 0.002452237 0.999996662 0.000781297 -5.067039490 -0.015983675 -0.000742004 0.999871969 293.790893555
0.999881208 -0.003548925 0.014997644 -2.263196707 0.003540657 0.999993563 0.000577777 -5.090695381 -0.014999598 -0.000524607 0.999887347 295.381408691
0.999895453 -0.004027965 0.013887349 -2.260907412 0.004028789 0.999991894 -0.000031341 -5.118531227 -0.013887109 0.000087287 0.999903560 296.969329834
0.999902308 -0.003828640 0.013444188 -2.261405706 0.003833990 0.999992609 -0.000372209 -5.147005081 -0.013442663 0.000423717 0.999909580 298.573547363
0.999912560 -0.003828152 0.012658339 -2.256199598 0.003825849 0.999992669 0.000206150 -5.180601120 -0.012659035 -0.000157703 0.999919832 300.171234131
0.999922395 -0.004228221 0.011720353 -2.256341934 0.004224380 0.999991000 0.000352435 -5.209939957 -0.011721738 -0.000302897 0.999931276 301.744415283
0.999931574 -0.005005211 0.010574733 -2.252081394 0.004986295 0.999985933 0.001814431 -5.239596844 -0.010583665 -0.001761578 0.999942422 303.338226318
0.999943316 -0.003453810 0.010069689 -2.262453794 0.003424837 0.999989927 0.002893118 -5.261198044 -0.010079580 -0.002858467 0.999945104 304.960113525
0.999935925 -0.003264118 0.010838072 -2.269324541 0.003230785 0.999989986 0.003091645 -5.285414696 -0.010848056 -0.003056432 0.999936461 306.565795898
0.999927819 -0.002587020 0.011732399 -2.271187067 0.002554190 0.999992788 0.002812347 -5.308258057 -0.011739589 -0.002782177 0.999927223 308.201293945
0.999921024 -0.003798927 0.011979396 -2.266423464 0.003768206 0.999989569 0.002586019 -5.330742359 -0.011989095 -0.002540675 0.999924898 309.817047119
0.999908626 -0.005465198 0.012365477 -2.265952110 0.005444763 0.999983728 0.001685692 -5.360086441 -0.012374489 -0.001618211 0.999922097 311.439941406
0.999895692 -0.007130628 0.012561002 -2.257866144 0.007133322 0.999974549 -0.000169718 -5.388198376 -0.012559473 0.000259302 0.999921083 313.074127197
0.999891818 -0.007483088 0.012661684 -2.263735771 0.007498527 0.999971211 -0.001172278 -5.416845798 -0.012652547 0.001267095 0.999919176 314.699920654
0.999921858 -0.006817914 0.010477750 -2.267404318 0.006841496 0.999974132 -0.002216567 -5.445533752 -0.010462367 0.002288077 0.999942660 316.342193604
0.999949872 -0.005866029 0.008113159 -2.268968105 0.005878570 0.999981582 -0.001522812 -5.474798203 -0.008104077 0.001570429 0.999965906 317.981231689
0.999955595 -0.005140387 0.007899206 -2.274608135 0.005127297 0.999985456 0.001676559 -5.507696629 -0.007907709 -0.001635983 0.999967396 319.627380371
0.999944448 -0.006572607 0.008238489 -2.274832010 0.006532684 0.999966860 0.004863576 -5.531160355 -0.008270182 -0.004809486 0.999954224 321.293212891
0.999937177 -0.007506330 0.008322174 -2.278989553 0.007460918 0.999957204 0.005474332 -5.555480957 -0.008362909 -0.005411897 0.999950409 322.913818359
0.999930561 -0.008137531 0.008525474 -2.283732414 0.008101986 0.999958396 0.004195613 -5.576087952 -0.008559261 -0.004126248 0.999954879 324.567443848
0.999916017 -0.009621055 0.008683490 -2.286895275 0.009583014 0.999944329 0.004411843 -5.599629402 -0.008725453 -0.004328259 0.999952555 326.229370117
0.999911904 -0.009390328 0.009379919 -2.298122406 0.009348039 0.999945998 0.004542311 -5.625753880 -0.009422066 -0.004454227 0.999945700 327.845153809
0.999913096 -0.008678864 0.009921423 -2.298505306 0.008637836 0.999953985 0.004170626 -5.648392200 -0.009957163 -0.004084564 0.999942064 329.472198486
0.999915481 -0.007855505 0.010361747 -2.303514004 0.007821128 0.999963760 0.003354066 -5.675160408 -0.010387720 -0.003272742 0.999940693 331.125549316
0.999914348 -0.006830579 0.011166536 -2.312689066 0.006795581 0.999971867 0.003169083 -5.715764046 -0.011187869 -0.003092928 0.999932647 332.738006592
0.999896765 -0.007897757 0.012004056 -2.307724714 0.007840093 0.999957561 0.004843145 -5.738175869 -0.012041797 -0.004748532 0.999916196 334.385711670
0.999886811 -0.008719900 0.012260335 -2.316437483 0.008652592 0.999947250 0.005532207 -5.755864620 -0.012307929 -0.005425498 0.999909520 336.036407471
0.999880612 -0.009831970 0.011921372 -2.303896904 0.009781418 0.999942958 0.004291285 -5.783097744 -0.011962884 -0.004174165 0.999919713 337.687683105
0.999893010 -0.008474167 0.011923247 -2.302996874 0.008424614 0.999955714 0.004200129 -5.806016445 -0.011958311 -0.004099231 0.999920070 339.321472168
0.999911666 -0.006827840 0.011402378 -2.312448978 0.006800493 0.999973893 0.002435456 -5.836528778 -0.011418710 -0.002357699 0.999932051 340.951324463
0.999926448 -0.004929933 0.011080299 -2.318929672 0.004936425 0.999987662 -0.000558604 -5.867280006 -0.011077408 0.000613260 0.999938428 342.563842773
0.999937773 -0.003819461 0.010478975 -2.323859215 0.003821549 0.999992669 -0.000179233 -5.896442890 -0.010478213 0.000219268 0.999945104 344.212860107
0.999945164 -0.002370039 0.010201045 -2.348517179 0.002337789 0.999992251 0.003172214 -5.926703453 -0.010208485 -0.003148192 0.999942958 345.800567627
0.999963582 -0.001764696 0.008350417 -2.338974953 0.001714491 0.999980450 0.006015700 -5.955803394 -0.008360870 -0.006001165 0.999947011 347.474670410
0.999974668 -0.001417944 0.006973090 -2.346381903 0.001383820 0.999987066 0.004896055 -5.980050087 -0.006979942 -0.004886281 0.999963701 349.105041504
0.999984682 -0.002029364 0.005148063 -2.351284742 0.002012026 0.999992311 0.003370894 -6.006633759 -0.005154865 -0.003360484 0.999981046 350.746459961
0.999989152 -0.003077276 0.003503036 -2.367064953 0.003060658 0.999984086 0.004739231 -6.033914089 -0.003517564 -0.004728458 0.999982655 352.354339600
0.999984443 -0.004866833 0.002716481 -2.383159637 0.004852518 0.999974430 0.005251934 -6.060830593 -0.002741972 -0.005238670 0.999982536 353.974761963
0.999987066 -0.004550015 0.002285667 -2.399331331 0.004539793 0.999979734 0.004457525 -6.087193012 -0.002305903 -0.004447090 0.999987423 355.588562012
0.999982238 -0.005644872 0.001923766 -2.413422346 0.005638305 0.999978304 0.003402011 -6.110383034 -0.001942928 -0.003391104 0.999992371 357.212554932
0.999983311 -0.005455297 0.001910890 -2.428360462 0.005448893 0.999979556 0.003340892 -6.136949539 -0.001929077 -0.003330423 0.999992609 358.832000732
0.999980152 -0.005970524 0.002019430 -2.449061394 0.005963997 0.999976993 0.003223031 -6.164553165 -0.002038627 -0.003210923 0.999992788 360.440429688
0.999971509 -0.007286395 0.001982852 -2.469244480 0.007280878 0.999969661 0.002775661 -6.191849709 -0.002003016 -0.002761145 0.999994159 362.051269531
0.999971688 -0.007235382 0.002056837 -2.488733530 0.007231455 0.999972045 0.001910410 -6.217706203 -0.002070602 -0.001895482 0.999996066 363.691436768
0.999968708 -0.007597305 0.002198549 -2.502382517 0.007592680 0.999968946 0.002104640 -6.246924400 -0.002214471 -0.002087882 0.999995351 365.305938721
0.999967754 -0.007806188 0.001892502 -2.506882191 0.007803468 0.999968529 0.001440529 -6.277578354 -0.001903688 -0.001425715 0.999997199 366.938232422
0.999955893 -0.009194430 0.001913617 -2.520548820 0.009194597 0.999957740 -0.000078289 -6.302684784 -0.001912817 0.000095881 0.999998152 368.545562744
0.999941468 -0.010656283 0.001878334 -2.534111023 0.010652751 0.999941468 0.001880673 -6.333197117 -0.001898265 -0.001860553 0.999996483 370.162017822
0.999926150 -0.012013586 0.001827682 -2.545037985 0.012008646 0.999924302 0.002690602 -6.360952854 -0.001859867 -0.002668455 0.999994695 371.783508301
0.999915957 -0.012809869 0.001997821 -2.561427832 0.012806625 0.999916673 0.001627873 -6.384194374 -0.002018508 -0.001602150 0.999996662 373.403900146
0.999929726 -0.011595684 0.002456287 -2.579214096 0.011593457 0.999932349 0.000918922 -6.412401676 -0.002466776 -0.000890381 0.999996543 375.030456543
0.999945521 -0.010055194 0.002803899 -2.604754686 0.010049017 0.999947071 0.002208131 -6.448470592 -0.002825954 -0.002179834 0.999993622 376.637908936
0.999955356 -0.008834724 0.003348230 -2.619159937 0.008825354 0.999957144 0.002803151 -6.475498676 -0.003372851 -0.002773477 0.999990463 378.285552979
0.999952734 -0.009010469 0.003651810 -2.631111383 0.009000503 0.999955773 0.002736492 -6.504611492 -0.003676306 -0.002703494 0.999989569 379.925537109
0.999952734 -0.008899887 0.003914449 -2.649739504 0.008892811 0.999958813 0.001821415 -6.529594421 -0.003930498 -0.001786518 0.999990702 381.549346924
0.999949872 -0.009115882 0.004137499 -2.659764051 0.009108606 0.999956965 0.001774092 -6.559580326 -0.004153493 -0.001736316 0.999989867 383.193511963
0.999948621 -0.009213846 0.004232902 -2.670996189 0.009205847 0.999955833 0.001905525 -6.594450951 -0.004250272 -0.001866460 0.999989212 384.815216064
0.999960899 -0.007496111 0.004695894 -2.685789108 0.007487011 0.999970078 0.001952489 -6.619070053 -0.004710389 -0.001917254 0.999987066 386.461151123
0.999973595 -0.005281265 0.004991387 -2.702932358 0.005270281 0.999983668 0.002211135 -6.646002293 -0.005002983 -0.002184771 0.999985099 388.093536377
0.999977112 -0.003233459 0.005944884 -2.725950956 0.003227384 0.999994278 0.001031245 -6.668704033 -0.005948184 -0.001012035 0.999981821 389.743103027
