1.000000000 0.000000000 0.000000000 0.000000000 0.000000000 1.000000000 0.000000000 0.000000000 0.000000000 0.000000000 1.000000000 0.000000000
0.999040067 -0.000596289 0.043801092 0.043937799 0.000703421 0.999996781 -0.002430499 -0.018540209 -0.043799501 0.002458976 0.999037325 1.029520631
0.996037662 -0.005073988 0.088787764 0.137773439 0.005754169 0.999956012 -0.007406468 -0.036484931 -0.088746279 0.007888021 0.996023059 2.053545952
0.990937293 -0.004265992 0.134257317 0.270321041 0.005841398 0.999918580 -0.011342502 -0.060509499 -0.134198010 0.012023959 0.990881562 3.068659067
0.983620465 -0.001820346 0.180242851 0.453409135 0.004358211 0.999896884 -0.013685246 -0.086557366 -0.180199355 0.014246625 0.983526945 4.084862709
0.974089921 -0.004369808 0.226118743 0.687438667 0.007662568 0.999876976 -0.013686437 -0.117252365 -0.226031125 0.015064470 0.974003613 5.082212448
0.962450027 -0.005086634 0.271411359 0.962024331 0.009480615 0.999844313 -0.014880644 -0.148437366 -0.271293402 0.016895022 0.962348402 6.086884022
0.948919177 -0.007608025 0.315427482 1.285224795 0.013841421 0.999750614 -0.017526258 -0.180090621 -0.315215468 0.020996965 0.948787808 7.071234226
0.933744967 -0.009206303 0.357820541 1.655029178 0.017256968 0.999664545 -0.019312449 -0.209112287 -0.357522696 0.024207801 0.933590651 8.031579971
0.916314304 -0.008691924 0.400365502 2.059327364 0.018212510 0.999634445 -0.019980842 -0.242124632 -0.400045484 0.025600392 0.916137695 8.967367172
0.896687210 -0.009489984 0.442562997 2.506039619 0.019711638 0.999634504 -0.018502807 -0.280482858 -0.442225635 0.025314871 0.896546483 9.880832672
0.874725044 -0.009070569 0.484534621 2.994641781 0.020012997 0.999648035 -0.017415669 -0.315483987 -0.484206110 0.024930911 0.874598742 10.777675629
0.850760579 -0.009373942 0.525469840 3.524805307 0.021100432 0.999643981 -0.016329791 -0.350473404 -0.525129676 0.024980383 0.850655556 11.638110161
0.825271726 -0.009589694 0.564654469 4.097921371 0.022782413 0.999607205 -0.016321052 -0.384140521 -0.564276159 0.026333492 0.825166047 12.478228569
0.797902286 -0.011333590 0.602680266 4.724754333 0.026268525 0.999527156 -0.015981086 -0.419488490 -0.602214217 0.028582865 0.797822714 13.292538643
0.769117415 -0.010335570 0.639023960 5.373471737 0.026945673 0.999504566 -0.016265333 -0.453766197 -0.638539255 0.029728880 0.769014835 14.079629898
0.738598466 -0.013314498 0.674014091 6.060173988 0.031727571 0.999383628 -0.015025871 -0.488395154 -0.673398554 0.032482915 0.738565683 14.805676460
0.706475973 -0.012562028 0.707625628 6.774032593 0.032133441 0.999380708 -0.014339867 -0.518703461 -0.707007229 0.032869216 0.706442118 15.514083862
0.672279835 -0.011262947 0.740211546 7.545155525 0.033334222 0.999330640 -0.015069367 -0.555413485 -0.739546359 0.034805205 0.672205210 16.220350266
0.636604071 -0.012341092 0.771092117 8.314138412 0.037810117 0.999168992 -0.015224171 -0.582184315 -0.770263433 0.038846850 0.636541605 16.845115662
0.600212514 -0.010825175 0.799767375 9.153652191 0.038342353 0.999148250 -0.015251444 -0.613609314 -0.798921108 0.039819065 0.600116372 17.475276947
0.562416792 -0.009694002 0.826797068 9.979232788 0.041058097 0.999025166 -0.016215846 -0.646938384 -0.825833917 0.043066777 0.562266529 18.030590057
0.523529649 -0.008021145 0.851969719 10.853130341 0.046031561 0.998761475 -0.018882919 -0.672971308 -0.850763083 0.049103264 0.523250461 18.567382812
0.484445751 -0.006923809 0.874793828 11.721692085 0.047605325 0.998695672 -0.018458540 -0.697470546 -0.873525023 0.050587010 0.484143496 19.048225403
0.446055174 -0.008690498 0.894963324 12.658886909 0.052735843 0.998470724 -0.016588269 -0.730046570 -0.893450499 0.054595925 0.445831358 19.502357483
0.409067750 -0.009358755 0.912456036 13.575019836 0.056596436 0.998282433 -0.015133983 -0.757439196 -0.910747170 0.057832580 0.408894777 19.901609421
0.373785138 -0.006684953 0.927491307 14.573394775 0.058157347 0.998175263 -0.016243393 -0.779440224 -0.925690293 0.060011972 0.373491883 20.299884796
0.340389967 -0.007611971 0.940253556 15.561861038 0.059304226 0.998150170 -0.013388594 -0.803393006 -0.938412309 0.060318351 0.340211689 20.653774261
0.306770384 -0.009122570 0.951739848 16.576074600 0.061512344 0.998053610 -0.010260522 -0.825862885 -0.949793756 0.061691374 0.306734443 20.979183197
0.273904622 -0.008864814 0.961715996 17.580680847 0.062117584 0.998032689 -0.008492026 -0.845339179 -0.959748745 0.062065482 0.273916423 21.266061783
0.241532326 -0.005955073 0.970374465 18.595361710 0.059288584 0.998203576 -0.008631445 -0.867724895 -0.968579888 0.059616901 0.241451502 21.523019791
0.210581005 -0.004226152 0.977567375 19.658140182 0.059300266 0.998204350 -0.008458701 -0.881894469 -0.975776255 0.059751239 0.210453451 21.752153397
0.179915547 -0.004278616 0.983672738 20.717447281 0.061200596 0.998101950 -0.006852323 -0.905696213 -0.981776357 0.061434198 0.179835916 21.945423126
0.149318278 -0.004294677 0.988779843 21.804645538 0.063087896 0.997994483 -0.005192367 -0.918006957 -0.986774564 0.063155353 0.149289727 22.106781006
0.118778586 -0.004980181 0.992908299 22.922721863 0.061544966 0.998101532 -0.002356207 -0.936551154 -0.991011560 0.061388377 0.118859589 22.241220474
0.089531422 -0.005336375 0.995969713 24.045681000 0.062287312 0.998058200 -0.000251675 -0.950057566 -0.994034410 0.062058810 0.089689970 22.333652496
0.062393904 -0.005044380 0.998038888 25.174028397 0.065080337 0.997879565 0.000974973 -0.956061482 -0.995927513 0.064891867 0.062589884 22.396900177
0.037296295 -0.004435892 0.999294519 26.322750092 0.069123298 0.997606397 0.001848530 -0.959060550 -0.996910810 0.069005586 0.037513614 22.431962967
0.014725387 -0.004093192 0.999883175 27.495958328 0.073379397 0.997299552 0.003001948 -0.966923058 -0.997195363 0.073326617 0.014985979 22.435007095
-0.005194306 -0.003873418 0.999979198 28.686569214 0.079472177 0.996827900 0.004274014 -0.959636211 -0.996823728 0.079492711 -0.004869938 22.410455704
-0.022894382 -0.004423800 0.999728143 29.901340485 0.083684392 0.996472239 0.006325814 -0.959266186 -0.996229351 0.083806470 -0.022443414 22.372814178
-0.038484454 -0.004573130 0.999248743 31.129512787 0.086732917 0.996200264 0.007899553 -0.966884017 -0.995487988 0.086971767 -0.037941575 22.313152313
-0.053039551 -0.005225189 0.998578787 32.379199982 0.088944547 0.995986998 0.009935917 -0.966666639 -0.994623423 0.089345135 -0.052361965 22.243480682
-0.066065073 -0.006320766 0.997795343 33.620899200 0.089215986 0.995937407 0.012216077 -0.965737641 -0.993818879 0.089826345 -0.065232754 22.145393372
-0.078488231 -0.006368116 0.996894836 34.867439270 0.088965282 0.995945036 0.013366510 -0.969811559 -0.992937565 0.089738131 -0.077603459 22.053909302
-0.089815617 -0.003584993 0.995952129 36.124141693 0.088896841 0.995973289 0.011601837 -0.963486075 -0.991983235 0.089579009 -0.089135289 21.942798615
-0.099686980 -0.000022038 0.995018840 37.389484406 0.089603461 0.995936871 0.008999071 -0.952118635 -0.990976155 0.090054221 -0.099280000 21.808441162
-0.109295964 0.002783479 0.994005322 38.701446533 0.090639181 0.995857954 0.007177578 -0.940346718 -0.989868104 0.090880312 -0.109095454 21.665077209
-0.116834521 0.003622282 0.993144810 40.019432068 0.090410843 0.995879948 0.007003762 -0.941109717 -0.989027619 0.090609334 -0.116680622 21.513679504
-0.122632384 0.004449337 0.992442310 41.366569519 0.090014040 0.995918214 0.006657762 -0.932983637 -0.988361776 0.090150185 -0.122532248 21.347507477
-0.127967715 0.006000131 0.991760194 42.728691101 0.091202497 0.995815814 0.005743278 -0.930724144 -0.987576008 0.091185957 -0.127979517 21.179367065
-0.132413507 0.007564633 0.991165757 44.098464966 0.090170085 0.995916486 0.004445255 -0.928221703 -0.987084627 0.089962110 -0.132554889 20.996902466
-0.136593342 0.008545156 0.990590394 45.505146027 0.090683289 0.995872080 0.003913678 -0.920092642 -0.986467898 0.090364568 -0.136804461 20.811042786
-0.139671564 0.007791394 0.990167141 46.884033203 0.089936249 0.995935738 0.004849495 -0.911366284 -0.986105025 0.089729264 -0.139804602 20.637378693
-0.142350316 0.005523148 0.989801049 48.379783630 0.091261148 0.995798230 0.007568298 -0.920234382 -0.985600352 0.091407716 -0.142256260 20.410140991
-0.144265175 0.004244205 0.989530146 49.815101624 0.091272980 0.995784938 0.009035792 -0.914905667 -0.985320807 0.091620900 -0.144044518 20.198616028
-0.146616340 0.005467736 0.989178300 51.332336426 0.093927778 0.995543420 0.008419091 -0.898213387 -0.984723926 0.094145700 -0.146476507 19.960727692
-0.147681952 0.005151058 0.989021480 52.805149078 0.093333632 0.995596409 0.008751394 -0.888247728 -0.984621167 0.093601391 -0.147512436 19.743572235
-0.148136020 0.006292056 0.988947093 54.306495667 0.095434710 0.995403826 0.007962181 -0.880480766 -0.984351635 0.095559359 -0.148055673 19.512779236
-0.147962332 0.006483824 0.988971829 55.794998169 0.095185332 0.995429695 0.007714728 -0.875769019 -0.984401882 0.095277093 -0.147903323 19.292842865
-0.148044467 0.007764895 0.988950193 57.391109467 0.094833761 0.995472670 0.006380379 -0.876218557 -0.984423339 0.094730452 -0.148110509 19.054698944
-0.146362662 0.007926273 0.989199400 58.932247162 0.096091256 0.995352983 0.006242137 -0.870224953 -0.984553099 0.095967010 -0.146444201 18.820075989
-0.145565271 0.006525598 0.989327192 60.549060822 0.094979748 0.995451629 0.007408899 -0.870230317 -0.984779000 0.095044516 -0.145522952 18.592269897
-0.144182682 0.007264851 0.989524484 62.142936707 0.095861427 0.995372415 0.006660094 -0.861654997 -0.984896958 0.095817491 -0.144211888 18.354141235
-0.143455148 0.007829525 0.989625990 63.796443939 0.095420554 0.995419204 0.005956690 -0.860109925 -0.985046089 0.095285170 -0.143545032 18.115562439
-0.142451406 0.008439152 0.989765823 65.426422119 0.096661776 0.995302498 0.005425625 -0.854755163 -0.985070586 0.096445411 -0.142598033 17.875114441
-0.141506791 0.008112223 0.989904046 67.090629578 0.095823318 0.995382965 0.005540818 -0.854585528 -0.985288680 0.095639952 -0.141630769 17.638710022
-0.140284777 0.006574449 0.990089476 68.755226135 0.097719945 0.995187640 0.007237535 -0.843576431 -0.985277236 0.097766794 -0.140252233 17.392036438
-0.140331268 0.004516853 0.990094364 70.452461243 0.099779308 0.994963229 0.009603178 -0.850347996 -0.985064149 0.100138552 -0.140075088 17.166542053
-0.139518142 0.005731794 0.990203142 72.144104004 0.101424277 0.994806647 0.008532070 -0.840738535 -0.985011816 0.101620995 -0.139374971 16.927177429
-0.138415575 0.007572792 0.990345359 73.841735840 0.104026332 0.994550347 0.006934290 -0.841389656 -0.984895825 0.103981800 -0.138449073 16.665504456
-0.137298822 0.007022092 0.990504861 75.546066284 0.102829799 0.994672894 0.007202096 -0.839307308 -0.985177755 0.102842249 -0.137289405 16.425354004
-0.137479544 0.007065146 0.990479469 77.302680969 0.104161195 0.994533181 0.007363609 -0.841152906 -0.985012650 0.104181863 -0.137463927 16.180755615
-0.137328267 0.005881462 0.990508139 79.038978577 0.103948139 0.994546354 0.008506369 -0.838317394 -0.985056221 0.104129642 -0.137190700 15.945388794
-0.137133718 0.006200902 0.990533173 80.794853210 0.105443500 0.994390070 0.008373009 -0.827387571 -0.984924436 0.105593503 -0.137018323 15.700180054
-0.137314916 0.005869236 0.990510166 82.574859619 0.106269479 0.994298041 0.008840497 -0.822627068 -0.984810472 0.106474929 -0.137155652 15.457099915
-0.137306213 0.006957815 0.990504205 84.338714600 0.106773689 0.994252622 0.007817101 -0.814064741 -0.984757006 0.106833130 -0.137259960 15.208557129
-0.137764096 0.008019430 0.990432739 86.139312744 0.106535114 0.994285882 0.006767851 -0.804212809 -0.984719038 0.106448218 -0.137831211 14.952262878
-0.138886571 0.008606691 0.990270913 87.939300537 0.105767794 0.994371593 0.006191708 -0.807098627 -0.984643936 0.105598710 -0.139015198 14.702690125
-0.140372157 0.009118224 0.990056872 89.733230591 0.104872301 0.994469285 0.005710127 -0.805353880 -0.984529078 0.104631081 -0.140552044 14.463951111
-0.141589284 0.008274154 0.989890933 91.564315796 0.103998914 0.994555771 0.006562353 -0.806302071 -0.984447420 0.103876740 -0.141678929 14.213867188
-0.142316461 0.007946046 0.989789367 93.396591187 0.103948697 0.994558275 0.006961892 -0.805523396 -0.984347880 0.103878103 -0.142367959 13.946632385
-0.143139482 0.007025163 0.989677727 95.269500732 0.101345383 0.994822323 0.007596136 -0.796711683 -0.984500110 0.101386562 -0.143110394 13.685241699
-0.144762635 0.008059229 0.989433587 97.112045288 0.101319388 0.994831264 0.006720694 -0.790027857 -0.984265268 0.101221710 -0.144830942 13.422027588
-0.147219419 0.008705020 0.989065588 99.011016846 0.100193493 0.994948924 0.006156697 -0.785435200 -0.984016120 0.100004315 -0.147348046 13.132064819
-0.151340365 0.009723503 0.988433897 100.909767151 0.100604713 0.994910598 0.005616495 -0.779277563 -0.983348727 0.100291118 -0.151548386 12.842178345
-0.155951023 0.008538283 0.987727880 102.805114746 0.098596871 0.995103061 0.006965297 -0.781754017 -0.982831597 0.098473124 -0.156029224 12.554740906
-0.160933375 0.007787566 0.986934602 104.709945679 0.097229972 0.995229781 0.008001667 -0.785475016 -0.982164383 0.097247347 -0.160922885 12.259399414
-0.165289879 0.008391734 0.986209393 106.625640869 0.095908359 0.995361090 0.007604751 -0.786684752 -0.981570661 0.095842712 -0.165328026 11.939178467
-0.169952154 0.010486298 0.985396504 108.548858643 0.096672669 0.995297670 0.006081553 -0.781956434 -0.980699062 0.096294485 -0.170166731 11.609657288
-0.174410105 0.011956570 0.984600663 110.465621948 0.096339129 0.995336115 0.004978359 -0.790219784 -0.979949057 0.095723838 -0.174748540 11.276679993
-0.179005861 0.011871492 0.983776569 112.397277832 0.094799019 0.995482683 0.005236659 -0.799525261 -0.979270339 0.094198436 -0.179322720 10.935684204
-0.184013367 0.011620671 0.982855082 114.347946167 0.093377031 0.995614469 0.005710820 -0.800966978 -0.978478312 0.092826955 -0.184291482 10.571212769
-0.188935280 0.010981963 0.981928110 116.301345825 0.092035308 0.995734036 0.006572376 -0.809432268 -0.977667093 0.091613814 -0.189139962 10.203628540
-0.194963455 0.010601612 0.980753124 118.245643616 0.090995923 0.995824337 0.007324517 -0.799852610 -0.976580203 0.090672553 -0.195114136 9.830352783
-0.200301409 0.010711813 0.979675710 120.211425781 0.091637246 0.995761514 0.007848167 -0.794587612 -0.975439310 0.091346785 -0.200434089 9.438735962
-0.205820918 0.011978665 0.978516400 122.170486450 0.091953009 0.995737672 0.007151892 -0.797687054 -0.974259973 0.091449529 -0.206045151 9.024337769
-0.211286426 0.013024886 0.977337480 124.136016846 0.091669418 0.995767951 0.006547106 -0.795550823 -0.973116100 0.090975270 -0.211586237 8.609634399
-0.217757463 0.013349552 0.975911736 126.105636597 0.092342228 0.995702863 0.006984254 -0.784274101 -0.971624851 0.091638722 -0.218054414 8.196594238
-0.223444700 0.012748228 0.974633217 128.086868286 0.090555020 0.995861411 0.007734776 -0.785658360 -0.970501006 0.089986227 -0.223674417 7.748489380
-0.228703141 0.013874575 0.973397315 130.069702148 0.090017296 0.995915949 0.006954336 -0.777502537 -0.969325364 0.089213073 -0.229018092 7.294509888
-0.233875394 0.014478007 0.972158730 132.053100586 0.089275748 0.995984793 0.006644522 -0.778722286 -0.968159080 0.088344187 -0.234228969 6.828369141
-0.238205552 0.013604449 0.971119642 134.053115845 0.090821117 0.995832384 0.008326811 -0.780867577 -0.966959119 0.090181649 -0.238448381 6.339904785
-0.242013931 0.013552693 0.970178127 136.064727783 0.093046159 0.995618343 0.009302580 -0.772319317 -0.965801060 0.092522703 -0.242214441 5.838653564
-0.245568752 0.014463156 0.969271302 138.069869995 0.094296806 0.995503128 0.009035891 -0.764822483 -0.964781880 0.093618117 -0.245828271 5.334426880
-0.248497963 0.014946745 0.968517125 140.059631348 0.094696365 0.995466113 0.008934150 -0.764210701 -0.963992417 0.093935169 -0.248786807 4.823684692
-0.251702547 0.014820523 0.967691123 142.080688477 0.094008490 0.995528817 0.009205332 -0.761913776 -0.963227987 0.093288191 -0.251970410 4.300750732
-0.255801678 0.015413251 0.966606319 144.108764648 0.092712864 0.995655239 0.008658984 -0.758871078 -0.962273180 0.091831833 -0.256119251 3.774291992
-0.259822130 0.015813127 0.965526998 146.133605957 0.091417722 0.995778084 0.008291825 -0.760039330 -0.961319506 0.090420678 -0.260170698 3.228378296
-0.264314294 0.015391444 0.964313865 148.168655396 0.090395063 0.995866358 0.008881837 -0.757669926 -0.960191011 0.089516804 -0.264613032 2.682342529
-0.268790126 0.015833462 0.963068664 150.207275391 0.090840504 0.995824933 0.008981364 -0.758474827 -0.958905578 0.089899741 -0.269106150 2.117782593
-0.273457527 0.016444486 0.961743474 152.277542114 0.090481825 0.995860100 0.008699341 -0.751815796 -0.957618892 0.089399204 -0.273813367 1.542236328
-0.277864575 0.016412271 0.960480034 154.316406250 0.090005800 0.995900393 0.009020949 -0.752943039 -0.956394374 0.088955380 -0.278202653 0.957534790
-0.282107830 0.015645897 0.959255099 156.363143921 0.089690000 0.995918155 0.010133095 -0.754734039 -0.955181062 0.088894218 -0.282359600 0.367660522
-0.286123514 0.016193448 0.958056092 158.422943115 0.090919510 0.995804727 0.010321608 -0.745105743 -0.953869700 0.090059228 -0.286395431 -0.242050171
-0.289949179 0.016735246 0.956895709 160.460449219 0.091473319 0.995754242 0.010302508 -0.739676952 -0.952660501 0.090517633 -0.290248871 -0.856048584
-0.293865561 0.017638825 0.955684185 162.518859863 0.091283955 0.995777726 0.009690279 -0.734493732 -0.951478124 0.090086259 -0.294234991 -1.473159790
-0.297317982 0.019635122 0.954576612 164.586624146 0.091590770 0.995764256 0.008045070 -0.724830151 -0.950375259 0.089822352 -0.297857046 -2.113449097
-0.300987363 0.020798130 0.953401506 166.646484375 0.092258327 0.995707572 0.007404769 -0.722875118 -0.949155092 0.090187959 -0.301614165 -2.740142822
-0.304239035 0.021348901 0.952356458 168.726593018 0.091735311 0.995758951 0.006983840 -0.727282047 -0.948168337 0.089489475 -0.304907203 -3.394836426
-0.308186173 0.020774776 0.951099157 170.815368652 0.091193751 0.995802641 0.007798431 -0.734148979 -0.946945012 0.089137666 -0.308787227 -4.056396484
-0.312176824 0.021509770 0.949780524 172.892150879 0.091474310 0.995779097 0.007514553 -0.720854759 -0.945609927 0.089226387 -0.312826753 -4.724182129
-0.315799117 0.022152958 0.948567450 174.976104736 0.093362384 0.995601416 0.007831007 -0.720822334 -0.944221616 0.091033541 -0.316478372 -5.416397095
-0.319081187 0.022588626 0.947458208 177.069015503 0.095699392 0.995374024 0.008498249 -0.718291759 -0.942883313 0.093382798 -0.319766879 -6.113082886
-0.321628213 0.022120502 0.946607649 179.146484375 0.096593872 0.995277941 0.009561783 -0.722402573 -0.941926241 0.094511829 -0.322246194 -6.812530518
-0.324642539 0.021472771 0.945592999 181.246734619 0.096228778 0.995304525 0.010435792 -0.720466137 -0.940928876 0.094381161 -0.325184464 -7.524566650
-0.327767730 0.022358354 0.944493711 183.365707397 0.095472068 0.995386124 0.009568590 -0.709166527 -0.939921975 0.093309045 -0.328390002 -8.245910645
-0.330336213 0.024093084 0.943555713 185.453231812 0.094430543 0.995502114 0.007640366 -0.707170963 -0.939127684 0.091624372 -0.331125498 -8.976196289
-0.333634257 0.025948914 0.942345440 187.565155029 0.094223157 0.995533347 0.005945865 -0.708974361 -0.937982023 0.090774499 -0.334589005 -9.715744019
-0.336605072 0.027061826 0.941257000 189.661682129 0.093683183 0.995590091 0.004878311 -0.715178013 -0.936974108 0.089822017 -0.337655902 -10.460464478
-0.340393186 0.027580136 0.939878821 191.780944824 0.091590807 0.995788872 0.003950381 -0.724970818 -0.935811937 0.087428927 -0.341485858 -11.196029663
-0.343458056 0.028267702 0.938742638 193.880798340 0.092471160 0.995707929 0.003849381 -0.719038963 -0.934604704 0.088128716 -0.344597816 -11.967803955
-0.347589254 0.027076103 0.937256038 196.032012939 0.091860533 0.995757759 0.005301090 -0.737915993 -0.933136463 0.087939434 -0.348601937 -12.742645264
-0.351398587 0.026774032 0.935843229 198.170593262 0.091634311 0.995775163 0.005918979 -0.734869480 -0.931730926 0.087835260 -0.352367401 -13.534545898
-0.355303288 0.026293445 0.934381247 200.374511719 0.091151774 0.995814860 0.006638738 -0.738960266 -0.930296183 0.087529272 -0.356212974 -14.371109009
-0.359363556 0.026553510 0.932819843 202.519195557 0.090426393 0.995882034 0.006487621 -0.746026516 -0.928806245 0.086682945 -0.360284805 -15.180221558
-0.363037944 0.027330823 0.931373417 204.652069092 0.089941345 0.995929956 0.005832824 -0.753334999 -0.927423298 0.085886516 -0.364018559 -16.003738403
-0.366292715 0.028071100 0.930076182 206.811309814 0.089834370 0.995942533 0.005320502 -0.750617027 -0.926153064 0.085501663 -0.367328286 -16.851943970
-0.369403958 0.028507788 0.928831756 208.947250366 0.090619549 0.995870531 0.005474762 -0.761499405 -0.924840093 0.086192705 -0.370461822 -17.692993164
-0.371806502 0.028308835 0.927878618 211.091766357 0.091493919 0.995785832 0.006281514 -0.763541698 -0.923790574 0.087230749 -0.372829676 -18.556060791
-0.374476671 0.027818847 0.926818907 213.250518799 0.092796482 0.995656013 0.007608953 -0.774595261 -0.922581136 0.088854909 -0.375431538 -19.428405762
-0.377027750 0.028481752 0.925763905 215.397598267 0.093804486 0.995561838 0.007573803 -0.776504517 -0.921439469 0.089696340 -0.378026247 -20.303070068
-0.380171895 0.029325699 0.924450874 217.552459717 0.093312755 0.995613694 0.006790857 -0.778831005 -0.920196831 0.088844754 -0.381240845 -21.181854248
-0.383052230 0.029292837 0.923262119 219.722015381 0.092652448 0.995674968 0.006850251 -0.788442135 -0.919068336 0.088166498 -0.384109497 -22.071075439
-0.386189461 0.030614570 0.921911418 221.888824463 0.092335381 0.995712161 0.005614036 -0.797468662 -0.917786479 0.087293118 -0.387360334 -22.977874756
-0.389485359 0.031887989 0.920480490 224.050506592 0.092003018 0.995748878 0.004433990 -0.799972534 -0.916426003 0.086413957 -0.390763402 -23.882904053
-0.392362475 0.031627983 0.919266999 226.201568604 0.089319162 0.995995581 0.003855384 -0.813291073 -0.915463984 0.083620854 -0.393616319 -24.781036377
-0.395984173 0.032556865 0.917679965 228.358520508 0.089953080 0.995939910 0.003481951 -0.823970795 -0.913840771 0.083926938 -0.397305012 -25.691711426
-0.399014711 0.032195926 0.916379273 230.522460938 0.091193274 0.995822012 0.004720789 -0.840450764 -0.912398696 0.085451275 -0.400283694 -26.620269775
-0.402403355 0.031298775 0.914927423 232.679138184 0.091518514 0.995784163 0.006186851 -0.854668617 -0.910876632 0.086222403 -0.403571248 -27.543365479
-0.405843019 0.030718047 0.913426399 234.796905518 0.090176933 0.995904088 0.006574643 -0.862423897 -0.909483135 0.085038260 -0.406950831 -28.473266602
-0.409041882 0.030796805 0.911995769 236.945465088 0.088616721 0.996047080 0.006110647 -0.873256683 -0.908202529 0.083317585 -0.410154104 -29.419982910
-0.413171172 0.030094868 0.910156190 239.108642578 0.086562209 0.996226192 0.006354625 -0.875868320 -0.906530201 0.081410669 -0.414216995 -30.384765625
-0.417032003 0.029527670 0.908412218 241.252136230 0.085664116 0.996299863 0.006942058 -0.880317211 -0.904846013 0.080713384 -0.418018460 -31.354064941
-0.420611024 0.029841345 0.906750202 243.392395020 0.085215449 0.996339738 0.006738827 -0.889107704 -0.903230190 0.080103546 -0.421614408 -32.333099365
-0.424864888 0.029427523 0.904778421 245.519714355 0.084423907 0.996403635 0.007236089 -0.892347813 -0.901311576 0.079459287 -0.425821304 -33.314605713
-0.429101229 0.028922826 0.902793467 247.655899048 0.083194487 0.996504188 0.007617599 -0.896986485 -0.899417162 0.078376144 -0.430007339 -34.313354492
-0.433277369 0.028711248 0.900803149 249.770111084 0.082005069 0.996602356 0.007678974 -0.899594307 -0.897522032 0.077197552 -0.434159756 -35.310150146
-0.437357068 0.029495830 0.898804128 251.896820068 0.082225911 0.996586919 0.007306289 -0.906426430 -0.895520926 0.077100441 -0.438289642 -36.323364258
-0.440826774 0.029867850 0.897095203 253.970031738 0.082417279 0.996571004 0.007319519 -0.920101166 -0.893800497 0.077162780 -0.441776872 -37.339630127
-0.444908023 0.029936224 0.895075798 256.065429688 0.082276769 0.996580780 0.007565538 -0.921994209 -0.891788840 0.077009916 -0.445849776 -38.356719971
-0.448897958 0.029985808 0.893079817 258.168640137 0.080831148 0.996702075 0.007163990 -0.932377338 -0.889919639 0.075404570 -0.449841261 -39.389343262
-0.453062773 0.030268749 0.890964687 260.294586182 0.080956779 0.996690810 0.007306591 -0.937019348 -0.887795150 0.075439975 -0.454013944 -40.455108643
-0.456545949 0.030737991 0.889168680 262.376647949 0.081108667 0.996679306 0.007190888 -0.931873798 -0.885995030 0.075402252 -0.457522988 -41.532470703
-0.460326433 0.032183506 0.887166202 264.482482910 0.082547359 0.996564746 0.006679449 -0.936674118 -0.883903563 0.076307952 -0.461401820 -42.606658936
-0.463824987 0.034166243 0.885267794 266.575500488 0.084499121 0.996406555 0.005816698 -0.937752247 -0.881887913 0.077502280 -0.465045214 -43.702270508
-0.467103004 0.034666315 0.883522987 268.690795898 0.085308269 0.996336460 0.006008267 -0.945737839 -0.880077958 0.078178301 -0.468349099 -44.802886963
-0.470190883 0.036882598 0.881793737 270.795318604 0.087000094 0.996197104 0.004722544 -0.946415901 -0.878266215 0.078936636 -0.471611500 -45.906738281
-0.473030925 0.039415948 0.880163908 272.904754639 0.088705443 0.996053159 0.003067631 -0.954322338 -0.876569152 0.079526410 -0.474660397 -47.027221680
-0.476059794 0.039930839 0.878506124 275.012512207 0.089452758 0.995985925 0.003203494 -0.961646557 -0.874851823 0.080109835 -0.477720737 -48.166564941
-0.479398489 0.040753074 0.876650631 277.148498535 0.089576162 0.995976329 0.002684732 -0.970948219 -0.873013914 0.079814054 -0.481119990 -49.316192627
-0.483213663 0.040659428 0.874557853 279.281524658 0.088615865 0.996062338 0.002653993 -0.978510857 -0.871006250 0.078782141 -0.484913945 -50.468811035
-0.486838102 0.041986372 0.872482538 281.406616211 0.089583933 0.995977163 0.002057814 -0.985384464 -0.868886292 0.079162240 -0.488641024 -51.636566162
-0.489991069 0.042110518 0.870709777 283.531372070 0.088480264 0.996076643 0.001618493 -0.989259243 -0.867225468 0.077833667 -0.491794586 -52.825866699
-0.493127704 0.041913867 0.868946850 285.684448242 0.086750060 0.996229410 0.001177307 -0.995088100 -0.865621090 0.075961746 -0.494904399 -54.033416748
-0.495980620 0.042674523 0.867284596 287.815521240 0.088450372 0.996079326 0.001570926 -1.007088661 -0.863817215 0.077490784 -0.497810602 -55.221527100
-0.498263836 0.042383213 0.865989089 289.969177246 0.089732595 0.995961726 0.002885065 -1.018914700 -0.862369716 0.079144962 -0.500054836 -56.449676514
-0.500776887 0.042631201 0.864525914 292.120422363 0.090641730 0.995877802 0.003395869 -1.023478031 -0.860817373 0.080062695 -0.502576709 -57.689819336
-0.502620578 0.042093299 0.863481760 294.264892578 0.090118043 0.995923400 0.003906837 -1.026896000 -0.859797239 0.079778939 -0.504364967 -58.937103271
-0.505136251 0.041600194 0.862036526 296.413574219 0.089439653 0.995982766 0.004345672 -1.017383099 -0.858392715 0.079295397 -0.506827712 -60.182098389
-0.508372068 0.042160008 0.860104978 298.586212158 0.091107123 0.995828390 0.005036796 -1.017306328 -0.856304586 0.080922253 -0.510092378 -61.433959961
-0.510699749 0.041876439 0.858738840 300.743713379 0.090897292 0.995845139 0.005495000 -1.013070583 -0.854940772 0.080863319 -0.512384295 -62.699615479
-0.512773514 0.042414390 0.857475519 302.890319824 0.090097196 0.995922267 0.004615898 -1.015659332 -0.853783190 0.079623058 -0.514503956 -63.973724365
-0.515862823 0.044904508 0.855493486 305.062103271 0.089683108 0.995968699 0.001800947 -1.018522739 -0.851963878 0.077652358 -0.517810345 -65.253479004
-0.519460320 0.043712880 0.853375733 307.227539062 0.087482728 0.996163547 0.002224850 -1.026649952 -0.850004494 0.075811356 -0.521291614 -66.558135986
-0.523997784 0.042060707 0.850680530 309.401336670 0.085710078 0.996313870 0.003533899 -1.040310383 -0.847396135 0.074763648 -0.525671244 -67.879333496
-0.528712988 0.039493501 0.847881496 311.561340332 0.083203949 0.996517539 0.005466604 -1.043102264 -0.844712853 0.073437348 -0.530157685 -69.207031250
-0.532678246 0.037773564 0.845474601 313.710845947 0.081718527 0.996631145 0.006958650 -1.044294357 -0.842363477 0.072797656 -0.533970475 -70.574310303
-0.537442565 0.038263839 0.842431903 315.921783447 0.082202926 0.996589780 0.007176839 -1.035043240 -0.839284420 0.073107503 -0.538755178 -71.963226318
-0.541198373 0.039946411 0.839945614 318.106506348 0.085290499 0.996327341 0.007571172 -1.042545795 -0.836558342 0.075736888 -0.542617798 -73.388031006
-0.544718742 0.040622573 0.837634385 320.287658691 0.085998572 0.996266186 0.007609681 -1.036422729 -0.834197700 0.076180495 -0.546178341 -74.799530029
-0.548477292 0.041012321 0.835159242 322.486694336 0.087173268 0.996158302 0.008331085 -1.033976555 -0.831609190 0.077372961 -0.549945474 -76.228088379
-0.552571535 0.039935134 0.832508206 324.683959961 0.087560453 0.996105611 0.010334791 -1.025968075 -0.828853369 0.078605510 -0.553916335 -77.671295166
-0.556651592 0.038144615 0.829869866 326.895935059 0.086147048 0.996210217 0.011994449 -1.028441906 -0.826267362 0.078167565 -0.557828069 -79.131134033
-0.560690165 0.037869859 0.827159345 329.087585449 0.085232653 0.996286869 0.012161939 -1.020361900 -0.823627412 0.077320062 -0.561836004 -80.589447021
-0.565052629 0.037901927 0.824183822 331.279724121 0.085525617 0.996253490 0.012820618 -1.011997700 -0.820610106 0.077733159 -0.566177249 -82.063629150
-0.568860531 0.038189117 0.821547031 333.456542969 0.086582445 0.996151209 0.013646433 -0.996286869 -0.817863941 0.078894466 -0.569977522 -83.549896240
-0.573062301 0.037674241 0.818645418 335.640014648 0.086920008 0.996102273 0.015004269 -0.981044769 -0.814889312 0.079755045 -0.574103355 -85.053039551
-0.576614618 0.036591068 0.816196680 337.836425781 0.085703909 0.996194005 0.015886258 -0.971241951 -0.812508881 0.079111487 -0.577556014 -86.582794189
-0.580035925 0.035785548 0.813804448 340.021362305 0.085510768 0.996189773 0.017141862 -0.950213432 -0.810090244 0.079531938 -0.580885887 -88.119262695
-0.582635760 0.035081383 0.811975896 342.190429688 0.086185962 0.996101558 0.018806474 -0.936961174 -0.808150649 0.080938250 -0.583387852 -89.665008545
-0.585461259 0.034405053 0.809969962 344.375793457 0.083700374 0.996325135 0.018179331 -0.910017967 -0.806367993 0.078438081 -0.586189508 -91.224914551
-0.588554382 0.033628881 0.807757914 346.548828125 0.080273040 0.996627986 0.016997127 -0.887673378 -0.804462552 0.074844912 -0.589269280 -92.781555176
-0.592398167 0.032922208 0.804972649 348.690246582 0.076799639 0.996922195 0.015745960 -0.863032818 -0.801976681 0.071149476 -0.593103290 -94.294586182
-0.594906092 0.030137923 0.803230166 350.866943359 0.074404240 0.997071147 0.017695898 -0.848669052 -0.800344288 0.070291124 -0.595406175 -95.903778076
-0.598321557 0.029485816 0.800713480 353.022033691 0.074973077 0.996998608 0.019308632 -0.823557854 -0.797740877 0.071584716 -0.598736405 -97.481719971
-0.601024628 0.029799463 0.798674762 355.158386230 0.074615471 0.997032344 0.018949773 -0.801784515 -0.795739889 0.070982777 -0.601464391 -99.077514648
-0.604587436 0.029001398 0.796010911 357.301208496 0.072749898 0.997170627 0.018924760 -0.773066521 -0.793209910 0.069351375 -0.604986668 -100.655242920
-0.608002186 0.025001420 0.793541789 359.453002930 0.069987692 0.997300744 0.022202643 -0.749066353 -0.790844738 0.069037408 -0.608110785 -102.256805420
-0.611532569 0.022426337 0.790901482 361.523010254 0.067621775 0.997422218 0.024003480 -0.721574783 -0.788324416 0.068161070 -0.611472726 -103.817840576
-0.614784837 0.021829810 0.788392901 363.673309326 0.066552699 0.997487485 0.024278019 -0.682187080 -0.785882056 0.067395419 -0.614693046 -105.453613281
-0.617528081 0.021729428 0.786248744 365.814575195 0.065576710 0.997560441 0.023935227 -0.643136978 -0.783810496 0.066340275 -0.617446542 -107.105560303
-0.620536327 0.020925689 0.783898532 367.938415527 0.064889938 0.997585773 0.024737120 -0.607558250 -0.781488359 0.066217408 -0.620396137 -108.741302490
-0.623013616 0.019820129 0.781959891 370.019134521 0.064450003 0.997580528 0.026064062 -0.586995125 -0.779551327 0.066635586 -0.622783661 -110.387725830
-0.625810146 0.018253285 0.779761791 372.126251221 0.061206724 0.997792482 0.025765304 -0.553067207 -0.777570128 0.063850857 -0.625545979 -112.052398682
-0.628470659 0.014488810 0.777698278 374.224914551 0.051324584 0.998420000 0.022875300 -0.521794319 -0.776138067 0.054291498 -0.628221273 -113.719665527
-0.632153153 0.017250912 0.774651408 376.345886230 0.044329628 0.998919845 0.013929926 -0.503512383 -0.773574352 0.043145854 -0.632235050 -115.390472412
-0.634810567 0.027195306 0.772189260 378.447753906 0.054160025 0.998488426 0.009359299 -0.501100063 -0.770767510 0.047763165 -0.635323882 -117.094512939
-0.634870529 0.028983584 0.772074580 380.461791992 0.062062159 0.997980058 0.013569160 -0.491815567 -0.770121753 0.056531280 -0.635386944 -118.778991699
-0.637122989 0.019814024 0.770507634 382.564697266 0.061026189 0.997827947 0.024802083 -0.465243340 -0.768342614 0.062823117 -0.636948347 -120.494689941
-0.640197158 0.009292377 0.768154383 384.623229980 0.055093881 0.997907400 0.033844773 -0.411721230 -0.766232491 0.063987933 -0.639369369 -122.171813965
-0.643490195 0.003002336 0.765448391 386.701721191 0.048914511 0.998109758 0.037206098 -0.346138000 -0.763889790 0.061383300 -0.642420650 -123.875549316
-0.645912766 0.003033370 0.763405204 388.721954346 0.048183970 0.998160243 0.036802016 -0.282781601 -0.761889100 0.060554788 -0.644870639 -125.536560059
-0.648566604 0.007829378 0.761117935 390.774322510 0.052783538 0.998002470 0.034711953 -0.220915794 -0.759325802 0.062687494 -0.647684336 -127.255432129
-0.651162386 0.014379656 0.758802354 392.807098389 0.057773545 0.997858524 0.030668188 -0.168926239 -0.756736398 0.063808665 -0.650598764 -128.979522705
-0.653342247 0.017028352 0.756871402 394.877746582 0.058336690 0.997906864 0.027905805 -0.124917030 -0.754811943 0.062385403 -0.652968049 -130.730255127
-0.656403303 0.017494805 0.754207432 396.938629150 0.058386490 0.997910559 0.027667224 -0.073063850 -0.752147555 0.062196374 -0.656053185 -132.490081787
-0.658897281 0.016744945 0.752046525 398.920379639 0.059343856 0.997793376 0.029776763 -0.044938087 -0.749888420 0.064249165 -0.658437133 -134.218566895
-0.660777688 0.016351864 0.750403702 400.938446045 0.060024567 0.997711837 0.031114506 0.010726929 -0.748177886 0.065602422 -0.660247207 -135.984436035
-0.663108468 0.016636096 0.748338640 402.951721191 0.060503393 0.997672915 0.031433523 0.069192886 -0.746074259 0.066120856 -0.662571907 -137.715454102
-0.664518237 0.016669022 0.747086167 404.969909668 0.060391668 0.997678936 0.031456925 0.125827789 -0.744827807 0.066021480 -0.663982511 -139.485778809
-0.665439487 0.017689694 0.746242225 406.934478760 0.061967228 0.997577488 0.031609837 0.172537804 -0.743875325 0.067276992 -0.664923668 -141.243225098
-0.666495919 0.017273057 0.745308757 408.931304932 0.063250914 0.997437060 0.033446122 0.231142998 -0.742820799 0.069433160 -0.665880322 -143.028076172
-0.667783618 0.016090952 0.744181573 410.907531738 0.064336240 0.997272611 0.036168080 0.275350571 -0.741569936 0.072030291 -0.666997552 -144.743408203
-0.668883920 0.015974095 0.743195534 412.913330078 0.066114634 0.997085392 0.038072709 0.342672348 -0.740421236 0.074602313 -0.667990446 -146.531799316
-0.669892430 0.016337169 0.742278516 414.904663086 0.064927511 0.997216821 0.036647622 0.422466278 -0.739613891 0.072744258 -0.669088721 -148.319335938
-0.671774030 0.016340848 0.740576029 416.886535645 0.060825247 0.997597396 0.033162333 0.487696648 -0.738254786 0.067323312 -0.671153903 -150.070434570
-0.673141718 0.015141821 0.739358544 418.844970703 0.057591252 0.997827291 0.031998206 0.534061432 -0.737267613 0.064119913 -0.672551155 -151.831298828
-0.674234867 0.014440761 0.738375962 420.811889648 0.057482466 0.997801781 0.032974608 0.587024689 -0.736276686 0.064676292 -0.673582792 -153.606384277
-0.674844503 0.013890412 0.737829328 422.827606201 0.056089919 0.997896135 0.032515358 0.645863533 -0.735825360 0.063327596 -0.674203873 -155.443664551
-0.675539613 0.012481691 0.737218499 424.808593750 0.052654531 0.998120546 0.031350236 0.702283859 -0.735441625 0.059996206 -0.674927115 -157.238403320
-0.676511884 0.012010342 0.736333847 426.769653320 0.051836085 0.998163581 0.031343713 0.751710892 -0.734605193 0.059373058 -0.675892115 -159.011535645
-0.676837683 0.010889899 0.736051917 428.739379883 0.052535612 0.998055577 0.033542946 0.811525345 -0.734255433 0.061372064 -0.676093698 -160.813232422
-0.676707983 0.009640181 0.736188471 430.679870605 0.054322429 0.997842610 0.036866967 0.884994507 -0.734244823 0.064939715 -0.675771713 -162.590576172
-0.676519632 0.008439756 0.736376107 432.626525879 0.059226863 0.997318745 0.042982135 0.942522049 -0.734038949 0.072691515 -0.675205588 -164.344787598
-0.675142288 0.008182694 0.737642169 434.595581055 0.063262932 0.996896923 0.046844102 1.036304474 -0.734969854 0.078291841 -0.673564911 -166.144775391
-0.673334956 0.006083284 0.739312530 436.541687012 0.058359820 0.997283340 0.044945739 1.124961853 -0.737030685 0.073409684 -0.671860695 -167.908081055
-0.672537923 0.004665011 0.740047991 438.506347656 0.050236743 0.997961342 0.039363135 1.209171295 -0.738355637 0.063650802 -0.671401143 -169.666870117
-0.670605540 0.002340023 0.741810501 440.483581543 0.045591027 0.998234689 0.038065925 1.274839401 -0.740411878 0.059347123 -0.669528365 -171.437255859
-0.668572545 0.002489263 0.743642807 442.475158691 0.044015169 0.998373687 0.036229916 1.343543053 -0.742343247 0.056953885 -0.667594790 -173.181579590
-0.665839672 0.002858609 0.746089399 444.453125000 0.045757752 0.998266697 0.037011210 1.403553009 -0.744690418 0.058782902 -0.664816380 -174.933532715
-0.663231015 0.003233068 0.748407900 446.424774170 0.046630073 0.998226345 0.037010796 1.478122711 -0.746960819 0.059445016 -0.662205458 -176.656188965
-0.660434365 0.003794209 0.750874221 448.414093018 0.044175416 0.998451531 0.033809427 1.541578293 -0.749583244 0.055499088 -0.659579277 -178.396423340
-0.659251928 -0.001410647 0.751920879 450.409210205 0.037113674 0.998718321 0.034413327 1.598157883 -0.751005709 0.050593596 -0.658354640 -180.115966797
-0.658401489 -0.007918397 0.752625346 452.416931152 0.028608564 0.998958766 0.035537034 1.652780533 -0.752123117 0.044929162 -0.657489419 -181.833496094
-0.658223391 -0.011841957 0.752729475 454.430267334 0.021014791 0.999197602 0.034095760 1.711878777 -0.752529263 0.038261082 -0.657446384 -183.544128418
-0.657375932 -0.012045647 0.753466725 456.427124023 0.019540099 0.999263525 0.033023313 1.769807816 -0.753309608 0.036431536 -0.656656384 -185.259399414
-0.656185627 -0.011882123 0.754506290 458.436523438 0.021605786 0.999170244 0.034525450 1.824048042 -0.754290462 0.038956795 -0.655384421 -186.992492676
-0.655408621 -0.012554117 0.755170345 460.439331055 0.023574537 0.999034643 0.037068393 1.891044617 -0.754906714 0.042097729 -0.654479980 -188.686767578
-0.653968096 -0.014878143 0.756375968 462.429168701 0.021802446 0.999020636 0.038501587 1.955593109 -0.756208062 0.041669648 -0.653003335 -190.378845215
-0.653075814 -0.015075151 0.757142425 464.432067871 0.019830450 0.999118567 0.036997862 2.031507492 -0.757032812 0.039176889 -0.652201295 -192.065368652
-0.652182937 -0.014396775 0.757924914 466.432617188 0.018322727 0.999228179 0.034746759 2.090121269 -0.757840157 0.036548495 -0.651415825 -193.738403320
-0.651254535 -0.012962786 0.758748829 468.449707031 0.019227855 0.999251187 0.033575416 2.144251823 -0.758615911 0.036455251 -0.650517702 -195.456359863
-0.650074840 -0.012670126 0.759764671 470.451599121 0.021085471 0.999175191 0.034703918 2.195500374 -0.759577692 0.038580135 -0.649271488 -197.147338867
