1.000000000 0.000000000 0.000000000 0.000000000 0.000000000 1.000000000 0.000000000 0.000000000 0.000000000 0.000000000 1.000000000 0.000000000
1.000000000 -0.000042453 0.000227196 -0.031711210 0.000042162 0.999999166 0.001279094 -0.014679967 -0.000227250 -0.001279084 0.999999166 1.339459538
0.999998212 -0.001782565 -0.000639020 -0.033876851 0.001783606 0.999997079 0.001631197 -0.045613158 0.000636110 -0.001632334 0.999998450 2.663231850
0.999994755 -0.003156040 -0.000685887 -0.049514644 0.003156482 0.999994814 0.000643031 -0.065856956 0.000683854 -0.000645193 0.999999583 3.997755289
0.999993563 -0.003557518 -0.000505663 -0.067707188 0.003557913 0.999993384 0.000783697 -0.089310415 0.000502871 -0.000785491 0.999999583 5.336237431
0.999992192 -0.003908162 -0.000621648 -0.078426756 0.003909220 0.999990880 0.001711021 -0.116917655 0.000614955 -0.001713438 0.999998331 6.689562798
0.999985754 -0.005324880 -0.000344977 -0.095689960 0.005325826 0.999981880 0.002801851 -0.135563776 0.000330051 -0.002803649 0.999996006 8.033621788
0.999987781 -0.004905102 -0.000597928 -0.109416820 0.004907060 0.999982476 0.003318715 -0.161306635 0.000581639 -0.003321609 0.999994338 9.401445389
0.999993086 -0.003631515 -0.000771338 -0.138052106 0.003632698 0.999992192 0.001537837 -0.181502208 0.000765747 -0.001540628 0.999998510 10.742278099
0.999998271 -0.001487297 -0.001134838 -0.146889612 0.001486696 0.999998748 -0.000530543 -0.212295979 0.001135626 0.000528855 0.999999225 12.115899086
0.999997735 0.001959393 -0.000802112 -0.175934106 -0.001960524 0.999997079 -0.001411628 -0.239562362 0.000799344 0.001413197 0.999998689 13.477382660
0.999989390 0.004554847 -0.000702852 -0.200826675 -0.004555924 0.999988437 -0.001538470 -0.263255239 0.000695836 0.001541656 0.999998569 14.833894730
0.999982834 0.005842944 -0.000417548 -0.226475120 -0.005843292 0.999982595 -0.000837585 -0.286358207 0.000412647 0.000840010 0.999999583 16.208047867
0.999995112 0.003117837 -0.000259003 -0.231714994 -0.003117272 0.999992847 0.002153239 -0.318592578 0.000265715 -0.002152421 0.999997675 17.582778931
0.999999166 -0.001289603 -0.000199596 -0.244505346 0.001290438 0.999990165 0.004242443 -0.345661849 0.000194123 -0.004242697 0.999991000 18.952701569
0.999993920 -0.003451866 -0.000458781 -0.255542696 0.003452661 0.999992490 0.001744966 -0.363325179 0.000452755 -0.001746540 0.999998391 20.322494507
0.999988973 -0.004648520 -0.000660485 -0.272662073 0.004648486 0.999989212 -0.000053817 -0.386082828 0.000660728 0.000050746 0.999999762 21.692844391
0.999998331 -0.001787549 0.000289782 -0.291349798 0.001788097 0.999996603 -0.001902725 -0.411919564 -0.000286380 0.001903240 0.999998152 23.069669724
0.999999583 0.000473378 0.000792574 -0.311713040 -0.000473381 0.999999881 0.000004135 -0.435243219 -0.000792572 -0.000004510 0.999999702 24.457183838
0.999998331 0.001347451 0.001245333 -0.327673823 -0.001351653 0.999993384 0.003379313 -0.457791299 -0.001240771 -0.003380991 0.999993503 25.844444275
0.999997318 -0.000794883 0.002179098 -0.349903107 0.000783256 0.999985456 0.005331359 -0.472326517 -0.002183304 -0.005329638 0.999983430 27.235574722
0.999985933 -0.005163650 0.001216913 -0.343840539 0.005159149 0.999979973 0.003672714 -0.494219571 -0.001235853 -0.003666384 0.999992490 28.639270782
0.999987304 -0.004888902 0.001206011 -0.366449207 0.004887338 0.999987245 0.001296025 -0.512012661 -0.001212332 -0.001290114 0.999998450 30.019365311
0.999983847 -0.005275445 0.002122008 -0.376311719 0.005278179 0.999985218 -0.001284873 -0.536232889 -0.002115199 0.001296053 0.999996901 31.421674728
0.999994338 -0.001891645 0.002784683 -0.398004621 0.001897761 0.999995768 -0.002195499 -0.564112067 -0.002780518 0.002200771 0.999993742 32.818481445
0.999994755 -0.001061152 0.003063521 -0.408749998 0.001073447 0.999991357 -0.004014361 -0.598224401 -0.003059234 0.004017629 0.999987245 34.223545074
0.999994695 -0.000303375 0.003240704 -0.425931662 0.000314405 0.999994159 -0.003403664 -0.626075149 -0.003239652 0.003404665 0.999988973 35.625453949
0.999995470 -0.000209411 0.003011721 -0.443659097 0.000216157 0.999997497 -0.002239812 -0.657411635 -0.003011245 0.002240452 0.999992967 37.019901276
0.999994814 0.001346231 0.002916720 -0.455058873 -0.001343922 0.999998808 -0.000793473 -0.684756339 -0.002917784 0.000789549 0.999995410 38.447280884
0.999984920 0.004296450 0.003421532 -0.486530125 -0.004294231 0.999990582 -0.000655760 -0.709167778 -0.003424317 0.000641057 0.999993920 39.844554901
0.999975145 0.006225117 0.003314056 -0.493231773 -0.006222093 0.999980211 -0.000921849 -0.742754698 -0.003319729 0.000901205 0.999994099 41.298191071
0.999956608 0.008683429 0.003369281 -0.516433775 -0.008682062 0.999962211 -0.000420164 -0.767884970 -0.003372802 0.000390893 0.999994218 42.710674286
0.999951661 0.009397355 0.002890975 -0.527727485 -0.009395747 0.999955714 -0.000568979 -0.791883528 -0.002896194 0.000541788 0.999995649 44.144157410
0.999960244 0.008507351 0.002675735 -0.546684861 -0.008505692 0.999963641 -0.000630796 -0.819829583 -0.002681004 0.000608011 0.999996245 45.574619293
0.999967694 0.007814432 0.001893950 -0.563776612 -0.007812595 0.999969006 -0.000975461 -0.850156367 -0.001901514 0.000960633 0.999997735 46.996303558
0.999976754 0.006760691 0.000887736 -0.571286798 -0.006760034 0.999976873 -0.000740337 -0.877657771 -0.000892721 0.000734319 0.999999344 48.450229645
0.999972939 0.007358165 -0.000171044 -0.594345212 -0.007358103 0.999972880 0.000360297 -0.901867509 0.000173690 -0.000359029 0.999999940 49.876148224
0.999970257 0.007618766 -0.001185577 -0.609649062 -0.007618695 0.999970973 0.000064557 -0.930598855 0.001186035 -0.000055522 0.999999285 51.310035706
0.999965250 0.007983135 -0.002410566 -0.638609111 -0.007981658 0.999967933 0.000621907 -0.956946611 0.002415454 -0.000602645 0.999996901 52.729331970
0.999960959 0.008255325 -0.003143519 -0.662298858 -0.008251427 0.999965191 0.001251244 -0.978981555 0.003153739 -0.001225257 0.999994278 54.183509827
0.999970973 0.006475931 -0.004013745 -0.685548544 -0.006465739 0.999975860 0.002547166 -1.008903146 0.004030143 -0.002521140 0.999988675 55.639621735
0.999979496 0.004825211 -0.004212101 -0.717056513 -0.004814317 0.999985039 0.002592553 -1.030714869 0.004224548 -0.002572222 0.999987781 57.092685699
0.999985576 0.002184458 -0.004900769 -0.727385819 -0.002174924 0.999995708 0.001949938 -1.061931968 0.004905008 -0.001939251 0.999986112 58.546592712
0.999987483 0.000960849 -0.004908136 -0.755037785 -0.000948438 0.999996364 0.002530388 -1.090180516 0.004910549 -0.002525701 0.999984741 59.990512848
0.999989748 -0.000634954 -0.004483823 -0.772190273 0.000647777 0.999995708 0.002858797 -1.110334396 0.004481989 -0.002861672 0.999985874 61.425453186
0.999989688 -0.001724425 -0.004199228 -0.790782094 0.001739999 0.999991596 0.003707761 -1.137118101 0.004192799 -0.003715029 0.999984324 62.873451233
0.999989271 -0.002993760 -0.003535192 -0.812839508 0.003005086 0.999990344 0.003203018 -1.161399961 0.003525569 -0.003213607 0.999988616 64.293708801
0.999983549 -0.004772249 -0.003190127 -0.830546558 0.004780169 0.999985516 0.002479663 -1.186471343 0.003178247 -0.002494872 0.999991834 65.726402283
0.999988914 -0.003930022 -0.002590833 -0.851817906 0.003935803 0.999989748 0.002230159 -1.213954329 0.002582042 -0.002240331 0.999994159 67.142669678
0.999994278 -0.002798131 -0.001913628 -0.868679404 0.002802337 0.999993682 0.002198513 -1.244751811 0.001907465 -0.002203863 0.999995768 68.591934204
0.999998748 0.000283727 -0.001552409 -0.889976621 -0.000278707 0.999994755 0.003233366 -1.267689824 0.001553319 -0.003232929 0.999993563 70.020004272
0.999992192 0.003917512 -0.000564608 -0.919061184 -0.003914956 0.999982417 0.004459409 -1.293044806 0.000582068 -0.004457164 0.999989927 71.444465637
0.999968767 0.007902659 0.000094789 -0.940338254 -0.007903031 0.999956489 0.004952733 -1.318321705 -0.000055645 -0.004953328 0.999987721 72.866043091
0.999925494 0.012182125 0.000798269 -0.968272686 -0.012185698 0.999915004 0.004636584 -1.341907144 -0.000741718 -0.004645966 0.999988914 74.288909912
0.999877810 0.015545147 0.001649204 -0.998040080 -0.015551361 0.999871731 0.003825239 -1.361933827 -0.001589529 -0.003850419 0.999991298 75.705589294
0.999851286 0.017087134 0.002321007 -1.013949037 -0.017095804 0.999846756 0.003768370 -1.390834451 -0.002256261 -0.003807490 0.999990225 77.114349365
0.999849677 0.017146012 0.002579463 -1.030905843 -0.017156765 0.999843955 0.004206444 -1.419581771 -0.002506937 -0.004250066 0.999987841 78.527099609
0.999864638 0.016223615 0.002739589 -1.049890280 -0.016233850 0.999861181 0.003756134 -1.442619562 -0.002678271 -0.003800099 0.999989212 79.949882507
0.999881089 0.015201793 0.002589610 -1.064455986 -0.015209210 0.999880195 0.002869191 -1.468354344 -0.002545683 -0.002908236 0.999992549 81.358558655
0.999892592 0.014482447 0.002252176 -1.076646566 -0.014488974 0.999890804 0.002908942 -1.492017984 -0.002209802 -0.002941261 0.999993205 82.757881165
0.999897480 0.014185142 0.001942994 -1.090635896 -0.014191042 0.999894619 0.003057123 -1.515906692 -0.001899423 -0.003084383 0.999993443 84.165481567
0.999904811 0.013722941 0.001432259 -1.109934092 -0.013726638 0.999902368 0.002603445 -1.544219732 -0.001396393 -0.002622857 0.999995589 85.569503784
0.999905288 0.013740977 0.000739060 -1.129614115 -0.013743198 0.999900758 0.003088905 -1.569579363 -0.000696542 -0.003098770 0.999994934 86.974327087
0.999910533 0.013374561 -0.000163827 -1.147392392 -0.013373825 0.999903023 0.003884644 -1.594895244 0.000215766 -0.003882105 0.999992430 88.357955933
0.999932766 0.011551018 -0.001001897 -1.168101549 -0.011545992 0.999921381 0.004885218 -1.622900486 0.001058248 -0.004873322 0.999987543 89.764976501
0.999957144 0.008968049 -0.002296147 -1.189236164 -0.008955553 0.999945343 0.005395704 -1.643226981 0.002344411 -0.005374909 0.999982834 91.152732849
0.999969661 0.007096896 -0.003219996 -1.204427004 -0.007079590 0.999960601 0.005354500 -1.666531682 0.003257870 -0.005331541 0.999980509 92.557075500
0.999976814 0.005656216 -0.003790304 -1.220793009 -0.005637108 0.999971449 0.005033253 -1.694595456 0.003818665 -0.005011770 0.999980152 93.938575745
0.999981701 0.004682258 -0.003827263 -1.245251298 -0.004665323 0.999979317 0.004421805 -1.713517189 0.003847888 -0.004403869 0.999982893 95.309150696
0.999978781 0.005070023 -0.004090417 -1.271189094 -0.005054768 0.999980271 0.003731100 -1.737706542 0.004109253 -0.003710345 0.999984682 96.699691772
0.999980330 0.005167243 -0.003551150 -1.299721479 -0.005155390 0.999981165 0.003338816 -1.762991548 0.003568335 -0.003320443 0.999988139 98.082038879
0.999977529 0.005804365 -0.003351165 -1.324634910 -0.005795067 0.999979377 0.002777544 -1.787873268 0.003367218 -0.002758061 0.999990523 99.452110291
0.999971092 0.006845193 -0.003311844 -1.342810512 -0.006835208 0.999972105 0.003016863 -1.816953540 0.003332403 -0.002994139 0.999989986 100.834350586
0.999966979 0.007529546 -0.003063330 -1.366140485 -0.007515978 0.999961972 0.004416877 -1.840010762 0.003096471 -0.004393707 0.999985576 102.205169678
0.999959886 0.008480296 -0.002885628 -1.397156715 -0.008463298 0.999947071 0.005853032 -1.863261580 0.002935111 -0.005828375 0.999978721 103.557899475
0.999963999 0.008094223 -0.002554021 -1.421213388 -0.008082729 0.999957323 0.004479030 -1.885938287 0.002590166 -0.004458225 0.999986708 104.912757874
0.999959767 0.008558760 -0.002687227 -1.436684489 -0.008553312 0.999961376 0.002032722 -1.912464619 0.002704521 -0.002009656 0.999994338 106.294273376
0.999969661 0.007220663 -0.002915197 -1.452605963 -0.007218017 0.999973536 0.000917252 -1.937544942 0.002921743 -0.000896182 0.999995351 107.673233032
0.999982119 0.005337882 -0.002692752 -1.476747274 -0.005331683 0.999983132 0.002304064 -1.962489605 0.002705005 -0.002289666 0.999993742 109.011222839
0.999993324 0.003009876 -0.002079829 -1.494679213 -0.003001227 0.999986887 0.004149224 -1.987666607 0.002092290 -0.004142954 0.999989212 110.391319275
0.999998391 0.001322515 -0.001231019 -1.514204621 -0.001316559 0.999987483 0.004826169 -2.014425755 0.001237386 -0.004824541 0.999987602 111.756393433
0.999999225 0.001159163 -0.000430941 -1.530270338 -0.001157885 0.999994993 0.002953094 -2.024174452 0.000434362 -0.002952593 0.999995530 113.110595703
0.999994159 0.003402255 0.000338529 -1.552819371 -0.003402570 0.999993801 0.000935993 -2.051509142 -0.000335343 -0.000937139 0.999999523 114.455085754
0.999986351 0.005062077 0.001274136 -1.563844919 -0.005060277 0.999986172 -0.001412002 -2.073868275 -0.001281267 0.001405535 0.999998212 115.830848694
0.999961555 0.008342881 0.002690480 -1.583206415 -0.008339006 0.999964178 -0.001448364 -2.100801229 -0.002702467 0.001425873 0.999995351 117.176574707
0.999947250 0.009357629 0.004241475 -1.597603917 -0.009359519 0.999956131 0.000425728 -2.126452446 -0.004237305 -0.000465403 0.999990940 118.544898987
0.999937356 0.009793869 0.005420772 -1.612601876 -0.009808946 0.999948084 0.002761833 -2.152672052 -0.005393442 -0.002814832 0.999981523 119.899871826
0.999943733 0.008972823 0.005662646 -1.608954430 -0.008990964 0.999954522 0.003186285 -2.177981138 -0.005633799 -0.003237018 0.999978900 121.282554626
0.999930739 0.009715322 0.006641394 -1.615183592 -0.009730562 0.999950111 0.002266156 -2.197667599 -0.006619046 -0.002330624 0.999975383 122.647346497
0.999904931 0.011248803 0.007970866 -1.626376271 -0.011265734 0.999934375 0.002082393 -2.225038290 -0.007946918 -0.002171993 0.999966085 124.009696960
0.999866605 0.013436821 0.009283465 -1.634946465 -0.013452924 0.999908090 0.001674248 -2.247982979 -0.009260115 -0.001798915 0.999955535 125.381576538
0.999843240 0.014340413 0.010383907 -1.642748237 -0.014348189 0.999896824 0.000674836 -2.270783424 -0.010373157 -0.000823720 0.999945879 126.749153137
0.999814689 0.015532264 0.011374863 -1.647875428 -0.015530503 0.999879360 -0.000243087 -2.297810316 -0.011377267 0.000066384 0.999935269 128.113922119
0.999820113 0.014479006 0.012249283 -1.647197962 -0.014473841 0.999895096 -0.000510205 -2.322679281 -0.012255386 0.000332819 0.999924839 129.479064941
0.999817371 0.013951852 0.013061982 -1.643018961 -0.013962762 0.999902248 0.000744443 -2.352895737 -0.013050318 -0.000926689 0.999914408 130.855209351
0.999822378 0.012647003 0.013975692 -1.642715216 -0.012671863 0.999918282 0.001691603 -2.379481792 -0.013953156 -0.001868400 0.999900877 132.215560913
0.999825418 0.012036866 0.014291144 -1.639805675 -0.012065009 0.999925435 0.001884739 -2.399798155 -0.014267392 -0.002056833 0.999896109 133.604354858
0.999848604 0.010069378 0.014192053 -1.632997394 -0.010096636 0.999947309 0.001850351 -2.421815395 -0.014172673 -0.001993363 0.999897599 134.969192505
0.999867201 0.008175693 0.014098700 -1.633343935 -0.008213191 0.999962866 0.002603826 -2.447504997 -0.014076889 -0.002719276 0.999897242 136.358261108
0.999885261 0.006686200 0.013592714 -1.639104843 -0.006717199 0.999974966 0.002236174 -2.468320370 -0.013577421 -0.002327223 0.999905109 137.723175049
0.999908924 0.005293661 0.012412302 -1.635366917 -0.005321464 0.999983430 0.002208002 -2.492314339 -0.012400407 -0.002273852 0.999920547 139.103942871
0.999928713 0.003945859 0.011268441 -1.638474941 -0.003979568 0.999987662 0.002970595 -2.515021563 -0.011256580 -0.003015227 0.999932110 140.465820312
0.999942482 0.002595546 0.010406313 -1.640377760 -0.002629361 0.999991298 0.003237058 -2.539096117 -0.010397821 -0.003264233 0.999940634 141.841995239
0.999953806 0.002547710 0.009266139 -1.648058891 -0.002577410 0.999991596 0.003194603 -2.561069012 -0.009257922 -0.003218338 0.999951959 143.209854126
0.999966145 0.001853821 0.008017693 -1.650095820 -0.001875979 0.999994457 0.002757126 -2.586914062 -0.008012537 -0.002772073 0.999964058 144.562896729
0.999972641 0.001839095 0.007166822 -1.664840698 -0.001854561 0.999995947 0.002151942 -2.606114149 -0.007162835 -0.002165175 0.999971986 145.927963257
0.999980807 -0.000738761 0.006146533 -1.660095334 0.000738378 0.999999702 0.000064462 -2.635277987 -0.006146579 -0.000059923 0.999981105 147.293487549
0.999967694 -0.006126887 0.005201753 -1.666955233 0.006128279 0.999981165 -0.000251697 -2.661683083 -0.005200113 0.000283567 0.999986410 148.657211304
0.999894619 -0.013982658 0.003898674 -1.655970454 0.013974683 0.999900222 0.002065246 -2.688689232 -0.003927163 -0.002010546 0.999990284 150.042846680
0.999790728 -0.020313160 0.002417798 -1.668536544 0.020304818 0.999787986 0.003426926 -2.709519863 -0.002486897 -0.003377116 0.999991179 151.381164551
0.999707639 -0.024153840 0.001102191 -1.658745050 0.024153652 0.999708235 0.000183480 -2.735821009 -0.001106301 -0.000156804 0.999999404 152.776626587
0.999729991 -0.023158975 0.001901675 -1.680182099 0.023164826 0.999726832 -0.003114702 -2.759016514 -0.001829022 0.003157913 0.999993324 154.131027222
0.999794662 -0.020132920 0.002311552 -1.683174729 0.020143881 0.999785483 -0.004820275 -2.797382355 -0.002214010 0.004865848 0.999985695 155.523132324
0.999791741 -0.020116068 0.003429860 -1.708047628 0.020132530 0.999785602 -0.004834634 -2.830879450 -0.003331871 0.004902679 0.999982417 156.874893188
0.999723077 -0.023184231 0.004035873 -1.711284518 0.023190044 0.999730110 -0.001399655 -2.862260818 -0.004002334 0.001492860 0.999990880 158.244628906
0.999581337 -0.028639721 0.004117000 -1.706576943 0.028634850 0.999589145 0.001237194 -2.890732765 -0.004150742 -0.001118786 0.999990761 159.643463135
0.999464154 -0.032441717 0.004348430 -1.713591099 0.032429203 0.999469757 0.002917281 -2.918223619 -0.004440766 -0.002774702 0.999986291 161.006042480
0.999413133 -0.034007076 0.004118546 -1.709587812 0.033996310 0.999418437 0.002656895 -2.943016768 -0.004206504 -0.002515320 0.999987960 162.394119263
0.999474049 -0.032051247 0.004936504 -1.723416567 0.032036263 0.999481916 0.003085213 -2.962872744 -0.005032832 -0.002925443 0.999983072 163.756454468
0.999585271 -0.028141133 0.006117125 -1.725226641 0.028127922 0.999601841 0.002235294 -2.989022732 -0.006177593 -0.002062305 0.999978781 165.154785156
0.999674916 -0.024544455 0.006899208 -1.738379002 0.024543503 0.999698758 0.000222754 -3.013362408 -0.006902597 -0.000053350 0.999976158 166.520523071
0.999726653 -0.021943867 0.008064650 -1.758752346 0.021948142 0.999759018 -0.000441932 -3.040490866 -0.008053009 0.000618816 0.999967396 167.873809814
0.999763191 -0.019954911 0.008683005 -1.775617957 0.019950282 0.999800801 0.000619394 -3.063127041 -0.008693635 -0.000446019 0.999962091 169.237518311
0.999800622 -0.018317858 0.007949694 -1.768900275 0.018314226 0.999832153 0.000529602 -3.096757889 -0.007958060 -0.000383904 0.999968231 170.651336670
0.999836802 -0.016486516 0.007388435 -1.772485495 0.016500058 0.999862313 -0.001775587 -3.124026537 -0.007358144 0.001897207 0.999971151 172.039413452
0.999899626 -0.012296283 0.007039063 -1.785336733 0.012330526 0.999912262 -0.004842077 -3.151114702 -0.006978906 0.004928386 0.999963522 173.416549683
0.999951482 -0.006922781 0.007005461 -1.803104043 0.006965817 0.999956906 -0.006137555 -3.182043314 -0.006962670 0.006186056 0.999956608 174.808364868
0.999969363 -0.002261797 0.007496513 -1.821258187 0.002300081 0.999984324 -0.005102318 -3.213646889 -0.007484856 0.005119404 0.999958873 176.185104370
0.999969006 0.000280613 0.007867081 -1.828312635 -0.000255910 0.999995053 -0.003140908 -3.248322964 -0.007867923 0.003138798 0.999964118 177.598434448
0.999967098 0.001307303 0.008005160 -1.838617444 -0.001300189 0.999998748 -0.000893759 -3.279453516 -0.008006318 0.000883321 0.999967575 178.997268677
0.999972761 -0.002058691 0.007084598 -1.841992855 0.002058323 0.999997854 0.000059241 -3.306671619 -0.007084704 -0.000044657 0.999974906 180.398727417
0.999978781 -0.004003636 0.005133609 -1.836821556 0.004003675 0.999992013 0.000002761 -3.333463669 -0.005133579 0.000017792 0.999986827 181.826263428
0.999989212 -0.003539945 0.003008007 -1.853569269 0.003554086 0.999982595 -0.004708512 -3.358849764 -0.002991287 0.004719152 0.999984384 183.226989746
0.999994218 -0.002971742 0.001654978 -1.857079387 0.002984997 0.999963045 -0.008064933 -3.397357464 -0.001630950 0.008069827 0.999966085 184.644912720
0.999997318 0.001988766 0.001178014 -1.880389810 -0.001978301 0.999959171 -0.008818325 -3.432454109 -0.001195504 0.008815970 0.999960423 186.063522339
0.999984741 0.005455227 0.000863986 -1.897716999 -0.005448147 0.999953210 -0.007994752 -3.468616247 -0.000907559 0.007989923 0.999967694 187.498062134
0.999969959 0.007635861 0.001335398 -1.921776891 -0.007629730 0.999960601 -0.004537441 -3.506552935 -0.001369993 0.004527117 0.999988794 188.913314819
0.999962449 0.008526449 0.001534905 -1.932301760 -0.008522411 0.999960244 -0.002618327 -3.537599087 -0.001557169 0.002605148 0.999995410 190.333602905
0.999970555 0.007527084 0.001488515 -1.943608403 -0.007524709 0.999970436 -0.001594714 -3.565762281 -0.001500475 0.001583466 0.999997616 191.778060913
0.999981940 0.005854351 0.001369033 -1.955129027 -0.005852677 0.999982119 -0.001223565 -3.588484764 -0.001376172 0.001215531 0.999998331 193.234146118
0.999993384 0.003148100 0.001817513 -1.975838184 -0.003146909 0.999994814 -0.000657780 -3.615591049 -0.001819574 0.000652056 0.999998152 194.684753418
0.999998510 0.000614043 0.001606705 -1.970137000 -0.000612916 0.999999583 -0.000701939 -3.645690203 -0.001607135 0.000700953 0.999998450 196.109359741
0.999994695 -0.002536545 0.002057008 -1.988971233 0.002535752 0.999996722 0.000388129 -3.669859648 -0.002057986 -0.000382910 0.999997795 197.551361084
0.999968648 -0.007387186 0.002859552 -2.012428999 0.007380918 0.999970376 0.002196407 -3.704738617 -0.002875693 -0.002175232 0.999993503 199.003982544
0.999952018 -0.009403256 0.002750368 -1.996987224 0.009398520 0.999954343 0.001729770 -3.723861456 -0.002766508 -0.001703837 0.999994695 200.477539062
0.999967098 -0.007502389 0.003091205 -2.015728951 0.007510006 0.999968767 -0.002459835 -3.753498077 -0.003072654 0.002482969 0.999992192 201.942016602
0.999994159 -0.000244496 0.003404664 -2.029677629 0.000270454 0.999970913 -0.007626078 -3.782237291 -0.003402700 0.007626954 0.999965131 203.394989014
0.999948621 0.008971119 0.004720887 -2.056087971 -0.008934691 0.999930561 -0.007681803 -3.819408417 -0.004789473 0.007639229 0.999959350 204.863983154
0.999846220 0.016544437 0.005810792 -2.083483696 -0.016519535 0.999854267 -0.004307709 -3.850364923 -0.005881214 0.004211055 0.999973834 206.329727173
0.999828696 0.017296039 0.006586442 -2.093052864 -0.017283533 0.999848723 -0.001950828 -3.885972738 -0.006619187 0.001836657 0.999976397 207.807739258
0.999856114 0.015739650 0.006321780 -2.108235359 -0.015729960 0.999875009 -0.001579401 -3.910935640 -0.006345849 0.001479732 0.999978781 209.271911621
0.999915719 0.012077034 0.004765411 -2.098623753 -0.012069753 0.999925971 -0.001553679 -3.942087412 -0.004783822 0.001496031 0.999987423 210.764755249
0.999938965 0.010274336 0.004059260 -2.118083239 -0.010265470 0.999944866 -0.002198943 -3.969494820 -0.004081629 0.002157139 0.999989331 212.234481812
0.999929428 0.011201007 0.003952719 -2.145675659 -0.011189681 0.999933243 -0.002875991 -3.998024702 -0.003984669 0.002831559 0.999988079 213.714691162
0.999920547 0.012138584 0.003407055 -2.138421774 -0.012129988 0.999923229 -0.002532429 -4.032792091 -0.003437534 0.002490900 0.999991000 215.216796875
0.999914050 0.012735616 0.003112754 -2.150968075 -0.012730615 0.999917626 -0.001621234 -4.067619324 -0.003133145 0.001581467 0.999993861 216.702850342
0.999917686 0.012528653 0.002764454 -2.160537720 -0.012522524 0.999919116 -0.002223333 -4.094423771 -0.002792086 0.002188532 0.999993682 218.191558838
0.999919415 0.012434209 0.002570261 -2.179307699 -0.012426057 0.999917805 -0.003163619 -4.128934383 -0.002609386 0.003131426 0.999991715 219.683395386
0.999930024 0.011593823 0.002340315 -2.193894863 -0.011585526 0.999926686 -0.003528137 -4.157265186 -0.002381048 0.003500777 0.999991059 221.170288086
0.999926329 0.011995874 0.001841580 -2.208651304 -0.011989043 0.999921381 -0.003677014 -4.188404560 -0.001885544 0.003654665 0.999991536 222.677642822
0.999920785 0.012460606 0.001784757 -2.229725361 -0.012453470 0.999914646 -0.003955426 -4.219138622 -0.001833892 0.003932886 0.999990582 224.179367065
0.999924242 0.012233451 0.001362467 -2.243278980 -0.012227834 0.999917030 -0.004057547 -4.254905224 -0.001411991 0.004040579 0.999990821 225.684005737
0.999915063 0.012998641 0.000935099 -2.260357141 -0.012994480 0.999906242 -0.004324593 -4.289936066 -0.000991225 0.004312074 0.999990225 227.188735962
0.999919236 0.012689942 0.000722000 -2.282717943 -0.012686513 0.999909103 -0.004571173 -4.320797443 -0.000779943 0.004561645 0.999989271 228.697692871
0.999911427 0.013299551 0.000563086 -2.307913542 -0.013296779 0.999900699 -0.004669014 -4.346948624 -0.000625126 0.004661113 0.999988914 230.205505371
0.999921799 0.012498271 0.000362426 -2.318952560 -0.012496457 0.999911189 -0.004637988 -4.385483742 -0.000420360 0.004633097 0.999989152 231.726760864
0.999936342 0.011278173 0.000406842 -2.343270063 -0.011276059 0.999924541 -0.004870666 -4.418793201 -0.000461743 0.004865768 0.999988079 233.252731323
0.999952972 0.009689176 0.000435715 -2.355378389 -0.009687105 0.999942839 -0.004526606 -4.457660198 -0.000479550 0.004522172 0.999989688 234.782073975
0.999958932 0.008973473 0.001268001 -2.394941568 -0.008968464 0.999952197 -0.003901850 -4.489436626 -0.001302953 0.003890318 0.999991596 236.302566528
0.999964774 0.008364623 0.000696914 -2.394842386 -0.008362119 0.999958813 -0.003522704 -4.531271935 -0.000726352 0.003516753 0.999993563 237.840408325
0.999962270 0.008664084 0.000622725 -2.413488388 -0.008661773 0.999955952 -0.003622218 -4.569223404 -0.000654081 0.003616687 0.999993265 239.375823975
0.999955773 0.009367977 0.000856576 -2.429863214 -0.009364197 0.999946833 -0.004315122 -4.602471828 -0.000896954 0.004306910 0.999990344 240.911285400
0.999942005 0.010678199 0.001410209 -2.447965860 -0.010673113 0.999936700 -0.003566066 -4.636373043 -0.001448199 0.003550807 0.999992669 242.445159912
0.999938130 0.010917378 0.002135161 -2.467773676 -0.010913716 0.999938965 -0.001719549 -4.667326450 -0.002153803 0.001696140 0.999996245 243.997207642
0.999937773 0.010813592 0.002733397 -2.486673594 -0.010809826 0.999940634 -0.001388856 -4.697004318 -0.002748253 0.001359222 0.999995291 245.529953003
0.999930441 0.011250824 0.003535850 -2.507401943 -0.011241186 0.999933064 -0.002733712 -4.732531548 -0.003566370 0.002693775 0.999989986 247.058212280
0.999926507 0.011546157 0.003694379 -2.512775421 -0.011530882 0.999925017 -0.004129737 -4.767112255 -0.003741784 0.004086834 0.999984622 248.595245361
0.999922574 0.011808857 0.003921866 -2.526828051 -0.011795469 0.999924600 -0.003419644 -4.805085182 -0.003961952 0.003373119 0.999986470 250.142654419
0.999927223 0.011445174 0.003810589 -2.541516542 -0.011435786 0.999931514 -0.002476147 -4.837970257 -0.003838668 0.002432390 0.999989688 251.705230713
0.999924719 0.011644400 0.003862201 -2.564595461 -0.011637248 0.999930561 -0.001869088 -4.877563477 -0.003883698 0.001824002 0.999990821 253.260101318
0.999920964 0.012071412 0.003515991 -2.574624777 -0.012065001 0.999925554 -0.001838986 -4.912638187 -0.003537928 0.001796421 0.999992132 254.811172485
0.999904275 0.013350118 0.003629883 -2.590617657 -0.013344473 0.999909699 -0.001574856 -4.945686817 -0.003650580 0.001526267 0.999992192 256.361328125
0.999882877 0.014857782 0.003664266 -2.600234985 -0.014851135 0.999888062 -0.001834348 -4.974778652 -0.003691110 0.001779715 0.999991596 257.917480469
0.999878407 0.015056050 0.004060613 -2.626413107 -0.015050714 0.999885857 -0.001341659 -5.009722710 -0.004080349 0.001280381 0.999990880 259.466918945
0.999903262 0.013360696 0.003869620 -2.637186766 -0.013355643 0.999909937 -0.001328800 -5.038690567 -0.003887025 0.001276991 0.999991655 261.053710938
0.999924004 0.011642071 0.004053150 -2.652138948 -0.011640088 0.999932110 -0.000512643 -5.070396900 -0.004058843 0.000465425 0.999991655 262.621582031
0.999951065 0.009230370 0.003561692 -2.652287960 -0.009230677 0.999957383 0.000069936 -5.097050667 -0.003560895 -0.000102810 0.999993682 264.194244385
0.999964356 0.007861424 0.003086543 -2.656427383 -0.007859042 0.999968827 -0.000783280 -5.127995491 -0.003092604 0.000758994 0.999994934 265.771392822
0.999972999 0.006527704 0.003381328 -2.680179119 -0.006522068 0.999977350 -0.001675106 -5.158046246 -0.003392186 0.001653008 0.999992907 267.321228027
0.999983430 0.004517228 0.003569970 -2.691478252 -0.004517474 0.999989808 0.000060658 -5.188998222 -0.003569660 -0.000076784 0.999993622 268.887817383
0.999988854 0.002508536 0.003995830 -2.702521086 -0.002515444 0.999995351 0.001724512 -5.213537693 -0.003991485 -0.001734544 0.999990523 270.452301025
0.999989092 0.001860327 0.004288372 -2.717918396 -0.001862015 0.999998212 0.000389712 -5.234423637 -0.004287639 -0.000397693 0.999990702 272.016845703
0.999988377 0.001482191 0.004592387 -2.724735737 -0.001480635 0.999998868 -0.000342024 -5.264818668 -0.004592889 0.000335221 0.999989390 273.589050293
0.999983311 0.002042413 0.005409039 -2.739886522 -0.002040840 0.999997854 -0.000296300 -5.302255630 -0.005409633 0.000285256 0.999985337 275.154693604
0.999972284 0.003836576 0.006378411 -2.747462273 -0.003834934 0.999992609 -0.000269683 -5.332678318 -0.006379399 0.000245215 0.999979615 276.726013184
0.999958515 0.005401283 0.007338439 -2.762952805 -0.005396558 0.999985218 -0.000663456 -5.366333485 -0.007341914 0.000623826 0.999972880 278.282196045
0.999944270 0.006672468 0.008181756 -2.765956402 -0.006665994 0.999977469 -0.000818309 -5.398904324 -0.008187031 0.000763724 0.999966204 279.879028320
0.999932051 0.007471100 0.008946221 -2.769623041 -0.007460372 0.999971390 -0.001231921 -5.430537701 -0.008955169 0.001165096 0.999959230 281.450042725
0.999925315 0.007654886 0.009526311 -2.772796154 -0.007638291 0.999969244 -0.001777273 -5.468665600 -0.009539623 0.001704376 0.999953032 283.024353027
0.999921620 0.006870438 0.010469384 -2.778882980 -0.006847164 0.999974012 -0.002257313 -5.498971462 -0.010484620 0.002185451 0.999942660 284.608947754
0.999914408 0.006535420 0.011331760 -2.775862455 -0.006513831 0.999976873 -0.001941011 -5.532737255 -0.011344183 0.001867032 0.999933898 286.182769775
0.999911964 0.005473008 0.012088337 -2.777433634 -0.005461884 0.999984622 -0.000953047 -5.564187050 -0.012093367 0.000886938 0.999926507 287.769287109
0.999915004 0.004473452 0.012248462 -2.773075819 -0.004467201 0.999989867 -0.000537643 -5.599195957 -0.012250744 0.000482881 0.999924839 289.364654541
0.999919891 0.004061927 0.011987366 -2.764988899 -0.004026745 0.999987543 -0.002957535 -5.634222984 -0.011999230 0.002909028 0.999923766 290.955444336
0.999928832 0.002593274 0.011642545 -2.757416725 -0.002534550 0.999984026 -0.005055825 -5.669200420 -0.011655469 0.005025957 0.999919415 292.544403076
0.999937057 0.002323681 0.010977780 -2.757769585 -0.002268392 0.999984682 -0.005046181 -5.706448555 -0.010989338 0.005020961 0.999926984 294.137359619
0.999950230 0.001258349 0.009899941 -2.756198883 -0.001207338 0.999985993 -0.005156911 -5.739800930 -0.009906292 0.005144702 0.999937713 295.734863281
0.999959230 0.001128837 0.008956303 -2.766674042 -0.001077913 0.999983251 -0.005688558 -5.777591705 -0.008962574 0.005678672 0.999943733 297.320281982
0.999962926 0.001381874 0.008502398 -2.773770571 -0.001330247 0.999980688 -0.006074706 -5.814366817 -0.008510628 0.006063171 0.999945402 298.921722412
0.999970734 0.001048258 0.007581493 -2.774647951 -0.001006032 0.999983966 -0.005571239 -5.854337215 -0.007587212 0.005563449 0.999955714 300.521942139
0.999977291 0.000741688 0.006697470 -2.781441927 -0.000705548 0.999985158 -0.005396867 -5.895937443 -0.006701374 0.005392019 0.999962986 302.116180420
0.999983609 0.000409204 0.005711775 -2.789230824 -0.000387183 0.999992490 -0.003855913 -5.937648773 -0.005713310 0.003853639 0.999976277 303.720397949
0.999985516 0.001968623 0.005006809 -2.799793720 -0.001955360 0.999994576 -0.002652505 -5.970991135 -0.005012004 0.002642676 0.999983966 305.345367432
0.999981821 0.002234465 0.005604012 -2.803119421 -0.002219588 0.999993980 -0.002659594 -6.001412868 -0.005609922 0.002647107 0.999980748 306.943664551
0.999975264 0.002835474 0.006437830 -2.813855886 -0.002817557 0.999992132 -0.002790370 -6.035781384 -0.006445691 0.002772162 0.999975383 308.571594238
0.999976277 0.001361060 0.006752873 -2.817903757 -0.001339877 0.999994159 -0.003140418 -6.062685013 -0.006757108 0.003131296 0.999972284 310.193695068
0.999974966 -0.000190835 0.007072230 -2.826201916 0.000219564 0.999991715 -0.004061806 -6.101789951 -0.007071397 0.004063257 0.999966741 311.813659668
0.999971271 -0.001813735 0.007357389 -2.825253963 0.001857628 0.999980509 -0.005963467 -6.140792370 -0.007346430 0.005976962 0.999955177 313.445159912
0.999971569 -0.002133398 0.007233570 -2.831784248 0.002183034 0.999974072 -0.006860888 -6.181464672 -0.007218746 0.006876484 0.999950290 315.078521729
0.999985695 -0.001444730 0.005148635 -2.845084190 0.001485093 0.999968112 -0.007844321 -6.220895767 -0.005137138 0.007851856 0.999955952 316.713989258
0.999995232 -0.000275643 0.003072346 -2.854529858 0.000297726 0.999974132 -0.007189244 -6.262331009 -0.003070285 0.007190124 0.999969423 318.358428955
0.999996722 0.000768902 0.002450611 -2.866409302 -0.000758905 0.999991417 -0.004077683 -6.297691345 -0.002453726 0.004075810 0.999988675 320.012329102
0.999994576 -0.000755873 0.003205925 -2.880303621 0.000758788 0.999999285 -0.000908175 -6.340842724 -0.003205237 0.000910603 0.999994457 321.661224365
0.999994278 -0.001527681 0.003027343 -2.889616013 0.001528529 0.999998808 -0.000278057 -6.371279240 -0.003026914 0.000282682 0.999995351 323.316436768
0.999991357 -0.002332523 0.003434628 -2.903143883 0.002337409 0.999996245 -0.001419440 -6.406068802 -0.003431304 0.001427456 0.999993086 324.973114014
0.999986768 -0.003665181 0.003614336 -2.916701317 0.003670373 0.999992251 -0.001430900 -6.435163021 -0.003609063 0.001444147 0.999992430 326.624847412
0.999984980 -0.003556858 0.004168217 -2.934350967 0.003561839 0.999992967 -0.001188262 -6.471287727 -0.004163961 0.001203090 0.999990582 328.265777588
0.999983132 -0.003200820 0.004844246 -2.946177483 0.003207477 0.999993920 -0.001366980 -6.507035732 -0.004839841 0.001382495 0.999987304 329.912536621
0.999984860 -0.001949708 0.005141717 -2.962739944 0.001961152 0.999995589 -0.002221672 -6.543137550 -0.005137363 0.002231722 0.999984324 331.553833008
0.999982476 -0.000812256 0.005862741 -2.969433069 0.000828390 0.999995887 -0.002750034 -6.585672855 -0.005860483 0.002754843 0.999979019 333.215118408
0.999974787 -0.002130598 0.006773917 -2.978558064 0.002135361 0.999997497 -0.000695986 -6.623399734 -0.006772417 0.000710433 0.999976814 334.859527588
0.999972284 -0.003071353 0.006781288 -2.989124775 0.003070659 0.999995291 0.000112813 -6.654788494 -0.006781603 -0.000091987 0.999976993 336.508972168
0.999969125 -0.003935292 0.006798511 -2.997389555 0.003944033 0.999991417 -0.001272716 -6.685219765 -0.006793444 0.001299490 0.999976099 338.159729004
0.999975443 -0.002466153 0.006557431 -2.997230768 0.002474216 0.999996185 -0.001221775 -6.720508099 -0.006554393 0.001237969 0.999977767 339.814697266
0.999979079 -0.000774547 0.006426585 -3.016906023 0.000795292 0.999994457 -0.003226029 -6.758902073 -0.006424051 0.003231073 0.999974132 341.440765381
0.999982715 0.000837331 0.005819579 -3.028257847 -0.000801517 0.999980748 -0.006153658 -6.796498299 -0.005824620 0.006148888 0.999964118 343.084350586
0.999984860 0.002172450 0.005050451 -3.040128708 -0.002143129 0.999980867 -0.005803741 -6.835468769 -0.005062963 0.005792829 0.999970376 344.726196289
0.999984205 0.003505351 0.004393729 -3.068804502 -0.003494971 0.999991119 -0.002367816 -6.877150059 -0.004401990 0.002352423 0.999987543 346.329833984
0.999987721 0.003951583 0.002993310 -3.069197178 -0.003953121 0.999992073 0.000508045 -6.912650585 -0.002991279 -0.000519871 0.999995410 347.982818604
0.999987543 0.004712784 0.001651555 -3.086397886 -0.004711210 0.999988437 -0.000955268 -6.942732334 -0.001656038 0.000947475 0.999998152 349.614837646
0.999991894 0.004021936 -0.000086763 -3.103549719 -0.004022131 0.999989092 -0.002382422 -6.977228642 0.000077180 0.002382751 0.999997139 351.241333008
0.999995053 0.002657197 -0.001680729 -3.126829147 -0.002658957 0.999995947 -0.001045454 -7.013600826 0.001677944 0.001049918 0.999998033 352.851684570
0.999995708 0.001164084 -0.002687685 -3.149404764 -0.001164976 0.999999285 -0.000330366 -7.052869320 0.002687298 0.000333496 0.999996305 354.479949951
0.999994814 0.001141696 -0.003017557 -3.175435066 -0.001145267 0.999998629 -0.001181975 -7.086568832 0.003016204 0.001185425 0.999994755 356.090606689
0.999994099 0.000112824 -0.003432806 -3.198179722 -0.000119700 0.999997973 -0.002002893 -7.122943401 0.003432574 0.002003292 0.999992073 357.712829590
0.999994397 0.000200830 -0.003339880 -3.228456020 -0.000208423 0.999997377 -0.002273292 -7.155190468 0.003339414 0.002273975 0.999991834 359.339172363
0.999994755 -0.000572056 -0.003184532 -3.256623983 0.000564230 0.999996841 -0.002457795 -7.190918446 0.003185927 0.002455985 0.999991894 360.952423096
0.999994397 -0.000903955 -0.003222647 -3.279869795 0.000894046 0.999994874 -0.003074976 -7.226791859 0.003225410 0.003072077 0.999990106 362.572753906
0.999994040 -0.001442348 -0.003127584 -3.308442354 0.001430333 0.999991596 -0.003840702 -7.260450363 0.003133098 0.003836206 0.999987721 364.202636719
0.999993384 -0.001841718 -0.003143209 -3.327867508 0.001830028 0.999991417 -0.003717716 -7.298073292 0.003150029 0.003711939 0.999988139 365.834960938
0.999992847 -0.001883238 -0.003278976 -3.347215891 0.001869491 0.999989450 -0.004190634 -7.342456341 0.003286833 0.004184474 0.999985814 367.450103760
0.999989212 -0.003362698 -0.003198174 -3.370861530 0.003344481 0.999978244 -0.005684358 -7.379967213 0.003217219 0.005673600 0.999978721 369.059020996
0.999983370 -0.004751908 -0.003265957 -3.393716097 0.004739569 0.999981642 -0.003775438 -7.417977810 0.003283837 0.003759896 0.999987543 370.687042236
0.999973893 -0.006311872 -0.003516022 -3.408891678 0.006301303 0.999975622 -0.003009066 -7.455712318 0.003534929 0.002986832 0.999989271 372.314575195
0.999970973 -0.006905495 -0.003213475 -3.436524153 0.006892894 0.999968588 -0.003915843 -7.491278172 0.003240414 0.003893579 0.999987185 373.934631348
0.999977946 -0.005860571 -0.003118753 -3.458950043 0.005846421 0.999972641 -0.004527192 -7.527832985 0.003145200 0.004508859 0.999984860 375.573059082
0.999986351 -0.004640301 -0.002403236 -3.490075588 0.004631672 0.999982834 -0.003583749 -7.569288731 0.002419825 0.003572569 0.999990702 377.180938721
0.999991000 -0.003465855 -0.002443674 -3.507919073 0.003458981 0.999990046 -0.002811577 -7.607753754 0.002453395 0.002803099 0.999993086 378.822875977
0.999992192 -0.003426984 -0.001961139 -3.529598236 0.003421478 0.999990225 -0.002803786 -7.649898052 0.001970728 0.002797054 0.999994159 380.441741943
0.999993205 -0.003324656 -0.001576399 -3.558040619 0.003318819 0.999987662 -0.003690764 -7.682335377 0.001588650 0.003685507 0.999991953 382.060668945
0.999993742 -0.003383654 -0.001038221 -3.589628220 0.003379666 0.999987006 -0.003818637 -7.718063831 0.001051129 0.003815105 0.999992192 383.682983398
0.999993324 -0.003373477 -0.001386379 -3.593164444 0.003368267 0.999987304 -0.003743436 -7.762205601 0.001398990 0.003738741 0.999992013 385.329772949
0.999997675 -0.001939900 -0.000919157 -3.618311167 0.001936528 0.999991417 -0.003655778 -7.796685696 0.000926241 0.003653989 0.999992907 386.972595215
0.999999881 0.000043873 -0.000510323 -3.646717072 -0.000045646 0.999993980 -0.003475230 -7.828650951 0.000510167 0.003475253 0.999993861 388.605651855
0.999997735 0.002117864 0.000100481 -3.674923658 -0.002117396 0.999987900 -0.004445266 -7.865125656 -0.000109894 0.004445043 0.999990106 390.251586914
