1.000000000 0.000000000 0.000000000 0.000000000 0.000000000 1.000000000 0.000000000 0.000000000 0.000000000 0.000000000 1.000000000 0.000000000
0.999036074 -0.000479198 0.043893479 0.042785101 0.000589204 0.999996722 -0.002493283 -0.017895034 -0.043892138 0.002516742 0.999033093 1.028187275
0.996028244 -0.005012095 0.088896945 0.136909261 0.005697102 0.999956012 -0.007453582 -0.036141399 -0.088855676 0.007930432 0.996012926 2.052813530
0.990921915 -0.004283105 0.134370521 0.270075977 0.005858637 0.999918640 -0.011332070 -0.060994621 -0.134311050 0.012016424 0.990866363 3.067131519
0.983583152 -0.001831896 0.180446178 0.452394187 0.004376698 0.999896467 -0.013705696 -0.086835541 -0.180402398 0.014270450 0.983489394 4.084171295
0.974051237 -0.004329300 0.226286232 0.686149776 0.007632566 0.999876678 -0.013724846 -0.116890036 -0.226198912 0.015095848 0.973964155 5.085798740
0.962386847 -0.004956039 0.271637678 0.960466146 0.009357887 0.999845028 -0.014911912 -0.149301469 -0.271521688 0.016892983 0.962284088 6.084105968
0.948822856 -0.007412473 0.315721720 1.282918453 0.013674960 0.999751151 -0.017624656 -0.178974301 -0.315512508 0.021040158 0.948688149 7.070222378
0.933661103 -0.008914161 0.358046681 1.652288437 0.016991945 0.999666989 -0.019420721 -0.208954245 -0.357754320 0.024216281 0.933501720 8.025825500
0.916186452 -0.008498949 0.400662154 2.056134462 0.018048923 0.999635696 -0.020067593 -0.241443515 -0.400345653 0.025617177 0.916006088 8.969513893
0.896549165 -0.009285040 0.442846864 2.499979258 0.019516997 0.999637365 -0.018553307 -0.280007452 -0.442514002 0.025276994 0.896405280 9.872526169
0.874643207 -0.008998304 0.484683663 2.990812540 0.019987669 0.999646902 -0.017510295 -0.313930422 -0.484354943 0.025002956 0.874514222 10.769908905
0.850663841 -0.009463663 0.525624871 3.517031908 0.021254797 0.999639571 -0.016400356 -0.350147098 -0.525280237 0.025123240 0.850558400 11.621653557
0.825039446 -0.009522147 0.564994931 4.088517666 0.022736149 0.999607742 -0.016353788 -0.383300096 -0.564617574 0.026338328 0.824932337 12.466285706
0.797772825 -0.011428529 0.602849901 4.719146252 0.026348827 0.999526024 -0.015919831 -0.421301544 -0.602382243 0.028584793 0.797695816 13.275098801
0.769008756 -0.010396278 0.639153719 5.369031429 0.026936466 0.999506652 -0.016151408 -0.455102921 -0.638670444 0.029637115 0.768909454 14.064652443
0.738397241 -0.013541562 0.674230039 6.047683716 0.031878926 0.999381542 -0.014840820 -0.490607679 -0.673612058 0.032452147 0.738372326 14.787095070
0.706307352 -0.012637458 0.707792580 6.760884285 0.032149132 0.999381661 -0.014237968 -0.521351337 -0.707174957 0.032811299 0.706276894 15.494755745
0.672019005 -0.011199707 0.740449190 7.516876221 0.033172086 0.999337196 -0.014990880 -0.556620538 -0.739790559 0.034636401 0.671945095 16.188484192
0.636346340 -0.012383282 0.771304071 8.283439636 0.037743371 0.999173403 -0.015097561 -0.583727241 -0.770479560 0.038718894 0.636287749 16.810478210
0.599764705 -0.010520156 0.800107300 9.109743118 0.037905045 0.999164581 -0.015276383 -0.614026308 -0.799278140 0.039490335 0.599662423 17.439737320
0.561779618 -0.009379241 0.827233732 9.936717987 0.040644433 0.999041140 -0.016274681 -0.647265732 -0.826287866 0.042765234 0.561622143 17.997045517
0.523025513 -0.007506065 0.852283955 10.799938202 0.045218285 0.998797297 -0.018952932 -0.675823271 -0.851116657 0.048451688 0.522735894 18.521112442
0.483953834 -0.006324869 0.875070751 11.670186043 0.046672992 0.998737156 -0.018593578 -0.699311018 -0.873848081 0.049840599 0.483637869 19.002555847
0.445521593 -0.008235395 0.895233333 12.613172531 0.051962286 0.998509824 -0.016674090 -0.734172106 -0.893761992 0.053947035 0.445285618 19.467781067
0.408432007 -0.008949582 0.912744880 13.529350281 0.055880260 0.998321533 -0.015216441 -0.760170817 -0.911076665 0.057219300 0.408246577 19.865127563
0.373148084 -0.006227268 0.927750945 14.525049210 0.057259060 0.998225808 -0.016329700 -0.783268332 -0.926003277 0.059215538 0.372842610 20.263305664
0.339661598 -0.006986509 0.940521777 15.521572113 0.057975035 0.998226464 -0.013522041 -0.806149602 -0.938759267 0.059119698 0.339464247 20.626810074
0.306187868 -0.008377316 0.951934218 16.527196884 0.060394809 0.998117864 -0.010642133 -0.824426413 -0.950053394 0.060750376 0.306117535 20.947479248
0.273127913 -0.008139755 0.961943328 17.549428940 0.061216384 0.998084545 -0.008935808 -0.844198585 -0.960027993 0.061327308 0.273102999 21.240678787
0.240755320 -0.005312062 0.970571339 18.575313568 0.058521867 0.998245060 -0.009053136 -0.867002070 -0.968819976 0.058979236 0.240643680 21.501581192
0.209810197 -0.003567533 0.977735639 19.628580093 0.058469187 0.998249471 -0.008904394 -0.880376577 -0.975992322 0.059035640 0.209651530 21.728155136
0.179442585 -0.003407330 0.983762562 20.701496124 0.060553886 0.998136103 -0.007588179 -0.901565790 -0.981903076 0.060932286 0.179314435 21.911069870
0.148607016 -0.003467603 0.988890290 21.790407181 0.062306728 0.998039842 -0.005863555 -0.916742384 -0.986931562 0.062485881 0.148531795 22.075368881
0.118240595 -0.004164082 0.992976308 22.900447845 0.061044782 0.998130262 -0.003083334 -0.930801690 -0.991106868 0.060980596 0.118273675 22.203189850
0.088969111 -0.004543918 0.996024013 24.025287628 0.061629247 0.998098671 -0.000951603 -0.945990562 -0.994125903 0.061468873 0.089079976 22.298673630
0.061678886 -0.004090674 0.998087645 25.173189163 0.064481564 0.997918904 0.000105207 -0.948954344 -0.996010959 0.064351760 0.061814308 22.364709854
0.036667228 -0.003673650 0.999320805 26.319677353 0.068434425 0.997654974 0.001156520 -0.959439814 -0.996981561 0.068345539 0.036832631 22.393104553
0.013810396 -0.003159134 0.999899566 27.516532898 0.072568439 0.997361124 0.002148814 -0.963127136 -0.997267783 0.072531477 0.014003217 22.403764725
-0.006454468 -0.003214493 0.999974132 28.707304001 0.078442045 0.996911764 0.003710954 -0.962319255 -0.996897936 0.078463957 -0.006182432 22.389829636
-0.024066687 -0.003815849 0.999703109 29.917984009 0.082642965 0.996562362 0.005793397 -0.964165926 -0.996288598 0.082757846 -0.023668647 22.349075317
-0.039548159 -0.003713465 0.999210835 31.152902603 0.085912839 0.996277332 0.007102938 -0.966906726 -0.995517492 0.086125940 -0.039081812 22.285221100
-0.054489732 -0.004574386 0.998503864 32.401420593 0.087871894 0.996087849 0.009358607 -0.969498873 -0.994640350 0.088250369 -0.053874612 22.226291656
-0.067528009 -0.005414642 0.997702658 33.647605896 0.088162504 0.996041179 0.011372769 -0.964897037 -0.993814528 0.088727951 -0.066783309 22.133522034
-0.079602122 -0.005432337 0.996812046 34.900711060 0.087924391 0.996049345 0.012449517 -0.965900660 -0.992941618 0.088635087 -0.078809977 22.022907257
-0.091111422 -0.002831785 0.995836675 36.171497345 0.087988488 0.996062040 0.010882695 -0.966860414 -0.991945922 0.088613696 -0.090503454 21.917087555
-0.101082325 0.000932329 0.994877636 37.445190430 0.088413239 0.996051371 0.008049606 -0.951610267 -0.990941703 0.088774025 -0.100765586 21.781520844
-0.110564947 0.003433123 0.993863106 38.753482819 0.089469343 0.995968282 0.006512839 -0.945080757 -0.989833772 0.089640364 -0.110426307 21.635028839
-0.118103743 0.004369278 0.992991745 40.088241577 0.089285947 0.995986521 0.006236960 -0.945801437 -0.988979101 0.089396812 -0.118019819 21.476894379
-0.123765826 0.005446512 0.992296576 41.437400818 0.089090541 0.996007562 0.005645073 -0.934150696 -0.988304079 0.089102902 -0.123756886 21.308681488
-0.129175186 0.006824110 0.991598308 42.804058075 0.090222768 0.995909572 0.004899517 -0.935478151 -0.987508774 0.090097643 -0.129262567 21.139354706
-0.133632779 0.008527310 0.990994215 44.178524017 0.089034781 0.996022582 0.003435520 -0.929171681 -0.987023354 0.088692047 -0.133860588 20.953704834
-0.138081431 0.009245247 0.990377724 45.579643250 0.089566290 0.995975733 0.003190106 -0.926864326 -0.986362696 0.089144953 -0.138353825 20.770343781
-0.140667319 0.008412859 0.990021169 47.042747498 0.089420468 0.995984912 0.004241792 -0.924344420 -0.986010492 0.089124836 -0.140854836 20.540294647
-0.143169522 0.006843817 0.989674568 48.471122742 0.090204336 0.995904207 0.006162349 -0.913417876 -0.985578895 0.090155199 -0.143200517 20.338752747
-0.145426154 0.005272991 0.989355147 49.931423187 0.090205528 0.995891452 0.007951554 -0.922162950 -0.985248387 0.090401664 -0.145304322 20.130626678
-0.147930145 0.005720909 0.988981307 51.370269775 0.092925370 0.995639801 0.008140185 -0.919186950 -0.984622598 0.093105629 -0.147816658 19.928516388
-0.148505569 0.005832996 0.988894403 52.911216736 0.092794284 0.995652676 0.008062361 -0.908314943 -0.984548271 0.092961043 -0.148401141 19.670146942
-0.148653626 0.007199831 0.988863289 54.381221771 0.094744503 0.995477021 0.006994728 -0.899725437 -0.984340310 0.094729133 -0.148663402 19.441852570
-0.149113297 0.007531052 0.988791406 55.941390991 0.094810098 0.995472729 0.006715775 -0.891239047 -0.984264314 0.094748825 -0.149152279 19.210536957
-0.148912191 0.009217510 0.988807499 57.461452484 0.094437942 0.995518506 0.004942069 -0.881139755 -0.984330595 0.094116874 -0.149115324 18.990688324
-0.147511244 0.008595296 0.989023030 59.075485229 0.094837628 0.995477617 0.005493501 -0.882904887 -0.984503031 0.094606951 -0.147659302 18.724372864
-0.145677924 0.007480539 0.989303887 60.621093750 0.094172500 0.995535731 0.006339506 -0.880301476 -0.984839976 0.094088741 -0.145732045 18.500061035
-0.144916296 0.008224221 0.989409804 62.251857758 0.095020875 0.995459259 0.005642957 -0.881171703 -0.984870732 0.094832331 -0.145039797 18.257156372
-0.144165397 0.008904349 0.989513695 63.870727539 0.094570331 0.995506525 0.004819958 -0.870917916 -0.985024393 0.094273493 -0.144359708 18.027061462
-0.142988801 0.009442120 0.989679337 65.504516602 0.096031256 0.995368719 0.004378175 -0.871434569 -0.985054493 0.095666170 -0.143233299 17.779563904
-0.142489314 0.009144015 0.989754260 67.180320740 0.095112815 0.995456338 0.004496151 -0.869112730 -0.985216022 0.094778955 -0.142711639 17.544532776
-0.141375303 0.007765534 0.989925742 68.847137451 0.096827708 0.995282948 0.006020778 -0.858124614 -0.985209465 0.096703418 -0.141460299 17.295700073
-0.141051769 0.005636716 0.989986122 70.545715332 0.098893084 0.995062411 0.008424525 -0.865880728 -0.985050499 0.099091075 -0.140912771 17.055938721
-0.139872909 0.006863383 0.990145862 72.229438782 0.100600913 0.994899988 0.007315028 -0.858660936 -0.985045850 0.100632742 -0.139850020 16.810752869
-0.139101028 0.008579887 0.990241110 73.929306030 0.103045017 0.994659424 0.005856758 -0.864764214 -0.984902382 0.102854080 -0.139242291 16.552497864
-0.138241172 0.008393262 0.990362942 75.640296936 0.101985283 0.994768977 0.005805165 -0.859709024 -0.985133588 0.101804972 -0.138374090 16.314491272
-0.138342381 0.008002554 0.990352154 77.392005920 0.102648392 0.994697750 0.006301285 -0.864602566 -0.985050678 0.102529794 -0.138430238 16.059608459
-0.138018847 0.006970338 0.990405083 79.125816345 0.102450848 0.994711459 0.007276497 -0.861154318 -0.985116541 0.102472134 -0.138002992 15.819633484
-0.137846351 0.007150324 0.990427971 80.883453369 0.103870139 0.994564235 0.007276290 -0.856970072 -0.984992266 0.103878886 -0.137839794 15.571914673
-0.137753367 0.006809513 0.990443349 82.652404785 0.104868293 0.994455934 0.007748225 -0.852767944 -0.984899461 0.104933426 -0.137703657 15.322776794
-0.137696981 0.007901625 0.990442932 84.418838501 0.105285861 0.994419396 0.006704092 -0.846430779 -0.984862685 0.105202764 -0.137760520 15.074851990
-0.138240576 0.008824334 0.990359366 86.231170654 0.104848720 0.994471431 0.005774470 -0.838294506 -0.984833121 0.104636177 -0.138401628 14.814674377
-0.139178157 0.009539536 0.990221560 88.035026550 0.104225136 0.994540811 0.005067943 -0.841443777 -0.984767377 0.103911310 -0.139412642 14.559738159
-0.140843391 0.010058795 0.989980876 89.839721680 0.103180632 0.994652152 0.004573120 -0.838572741 -0.984640539 0.102790937 -0.141128063 14.322860718
-0.141887069 0.009132337 0.989840865 91.673110962 0.102325864 0.994735777 0.005490224 -0.841466427 -0.984579980 0.102065302 -0.142074585 14.067893982
-0.142541766 0.008690664 0.989750624 93.507041931 0.102128431 0.994753301 0.005973726 -0.842894316 -0.984505773 0.101933181 -0.142681479 13.800193787
-0.143365860 0.007868296 0.989638567 95.383911133 0.099586599 0.995007575 0.006515809 -0.836018324 -0.984646559 0.099488877 -0.143433690 13.532142639
-0.145042062 0.008759540 0.989386857 97.234634399 0.099469066 0.995023906 0.005772499 -0.833050728 -0.984413028 0.099250622 -0.145191669 13.268592834
-0.147503495 0.009574908 0.989015222 99.133071899 0.098673604 0.995106876 0.005082469 -0.831304312 -0.984127164 0.098339379 -0.147726536 12.979446411
-0.151719689 0.010524948 0.988367558 101.027122498 0.099352933 0.995041370 0.004655183 -0.831243753 -0.983417571 0.098903500 -0.152012944 12.694908142
-0.156261921 0.009458525 0.987670481 102.920974731 0.097193621 0.995248318 0.005846152 -0.832445145 -0.982922077 0.096908793 -0.156438828 12.403968811
-0.161187172 0.008856674 0.986884177 104.833602905 0.096162707 0.995342553 0.006773613 -0.837452650 -0.982227802 0.095993273 -0.161288142 12.103210449
-0.165641308 0.009461247 0.986140847 106.757934570 0.094743967 0.995481312 0.006363195 -0.837914228 -0.981624603 0.094484888 -0.165789247 11.778991699
-0.170180202 0.011464727 0.985346437 108.677078247 0.095227145 0.995443702 0.004864553 -0.835414410 -0.980801105 0.094659567 -0.170496464 11.449882507
-0.174835086 0.013035631 0.984511316 110.604087830 0.094893843 0.995480657 0.003670926 -0.843372822 -0.980014086 0.094065882 -0.175282001 11.115882874
-0.179602623 0.012929870 0.983654439 112.531021118 0.093758337 0.995586812 0.004032328 -0.856153965 -0.979261220 0.092950009 -0.180022240 10.773391724
-0.184618592 0.012764384 0.982727408 114.484283447 0.091895178 0.995759249 0.004330086 -0.859799623 -0.978504658 0.091107324 -0.185008645 10.418273926
-0.189967155 0.012128402 0.981715500 116.439071655 0.090087421 0.995920658 0.005128497 -0.865218639 -0.977648556 0.089414470 -0.190284729 10.050537109
-0.195667505 0.011661718 0.980600953 118.396209717 0.089092299 0.996005714 0.005932414 -0.865486145 -0.976614952 0.088524774 -0.195924878 9.674804688
-0.201070428 0.011359062 0.979511023 120.371353149 0.089499786 0.995963454 0.006822316 -0.868449688 -0.975479722 0.089037783 -0.201275349 9.280776978
-0.206626058 0.012930067 0.978334486 122.328887939 0.090317823 0.995895445 0.005913134 -0.869760990 -0.974242389 0.089582853 -0.206945777 8.863800049
-0.212117553 0.013985331 0.977144063 124.295928955 0.090196908 0.995909691 0.005325951 -0.872348070 -0.973072827 0.089265101 -0.212511420 8.447265625
-0.218653798 0.014460429 0.975695491 126.259506226 0.090634070 0.995868802 0.005551719 -0.855644703 -0.971584439 0.089645147 -0.219061136 8.033584595
-0.224258542 0.014304887 0.974424660 128.245864868 0.089362271 0.995981455 0.005944897 -0.857099295 -0.970423877 0.088409990 -0.224635720 7.587097168
-0.229548335 0.015019176 0.973181367 130.222290039 0.088680767 0.996044636 0.005545473 -0.858881712 -0.969248831 0.087575428 -0.229972243 7.130752563
-0.234816194 0.015409502 0.971917689 132.217285156 0.087647885 0.996136963 0.005382319 -0.865591288 -0.968080223 0.086450376 -0.235259771 6.661834717
-0.239049911 0.014647056 0.970896959 134.223251343 0.089152686 0.995993912 0.006925087 -0.869309902 -0.966906011 0.088213503 -0.239398003 6.164901733
-0.242720962 0.014473843 0.969988167 136.233139038 0.091376215 0.995784283 0.008006379 -0.865201473 -0.965783060 0.090577163 -0.243020296 5.659667969
-0.246318817 0.015414737 0.969066262 138.244934082 0.092566147 0.995676816 0.007690586 -0.859616280 -0.964758337 0.091597065 -0.246680856 5.152618408
-0.249226093 0.015964556 0.968313754 140.242568970 0.092961095 0.995641410 0.007511360 -0.860751152 -0.963973403 0.091887534 -0.249623895 4.637924194
-0.252376676 0.015815452 0.967499852 142.259368896 0.092111990 0.995718479 0.007751083 -0.860345840 -0.963234901 0.091074526 -0.252752900 4.115264893
-0.256557703 0.016293991 0.966391563 144.292343140 0.090856716 0.995836973 0.007330195 -0.862333775 -0.962249041 0.089683779 -0.256970048 3.586303711
-0.260797024 0.016994666 0.965244055 146.313659668 0.089576408 0.995957613 0.006667010 -0.862436295 -0.961228907 0.088201836 -0.261265039 3.046081543
-0.265444994 0.016418161 0.963986218 148.348419189 0.088550381 0.996044040 0.007419237 -0.866673946 -0.960050941 0.087330744 -0.265848756 2.503173828
-0.269831896 0.016948609 0.962758243 150.383361816 0.088898018 0.996013403 0.007381379 -0.864472866 -0.958795011 0.087579034 -0.270262957 1.941894531
-0.274293303 0.017384348 0.961488903 152.446899414 0.088314660 0.996066689 0.007184850 -0.863178253 -0.957582176 0.086884327 -0.274749756 1.366485596
-0.278996587 0.017150030 0.960138917 154.488494873 0.087572858 0.996128738 0.007653994 -0.865456104 -0.956290662 0.086217545 -0.279418468 0.787521362
-0.283044338 0.016680222 0.958961785 156.531372070 0.087557510 0.996123075 0.008516611 -0.862308025 -0.955101848 0.086374879 -0.283407450 0.187606812
-0.287375927 0.016768578 0.957671046 158.584716797 0.088207349 0.996061206 0.009028297 -0.861995220 -0.953747630 0.087068141 -0.287723184 -0.413742065
-0.291308284 0.017270284 0.956473291 160.634887695 0.088953644 0.995994091 0.009108291 -0.866137505 -0.952484488 0.087735109 -0.291677594 -1.037002563
-0.294923186 0.018443190 0.955343008 162.691848755 0.089452192 0.995955825 0.008387477 -0.863704681 -0.951324701 0.087931186 -0.295380235 -1.664581299
-0.298446178 0.019942073 0.954218268 164.756103516 0.089396164 0.995970488 0.007145336 -0.865565300 -0.950230777 0.087435938 -0.299026251 -2.300613403
-0.302116036 0.020994194 0.953040004 166.814636230 0.089945644 0.995924950 0.006574098 -0.867226601 -0.949018300 0.087707929 -0.302773237 -2.928985596
-0.305270791 0.021544669 0.952021837 168.890441895 0.089496218 0.995968103 0.006158242 -0.870991230 -0.948050737 0.087082289 -0.305968165 -3.592559814
-0.309123158 0.021728026 0.950773776 170.980285645 0.090012185 0.995919406 0.006505740 -0.873090744 -0.946752727 0.087592296 -0.309817553 -4.257568359
-0.312750578 0.021702332 0.949587345 173.030609131 0.089379780 0.995975256 0.006675096 -0.873630047 -0.945620596 0.086961553 -0.313431501 -4.927581787
-0.316535115 0.022276433 0.948319197 175.113464355 0.091218852 0.995805860 0.007055600 -0.875668049 -0.944184661 0.088737927 -0.317239523 -5.618209839
-0.319464684 0.022369090 0.947334051 177.191345215 0.093533732 0.995583713 0.008033517 -0.883588314 -0.942970634 0.091174118 -0.320146084 -6.319656372
-0.322182775 0.022100475 0.946419597 179.271728516 0.094429262 0.995491803 0.008899464 -0.884548664 -0.941956222 0.092236951 -0.322817206 -7.021469116
-0.325025916 0.021204323 0.945467412 181.357986450 0.093945332 0.995527446 0.009968805 -0.890555382 -0.941027403 0.092062369 -0.325564265 -7.733657837
-0.328001261 0.022241734 0.944415390 183.452941895 0.093285121 0.995599210 0.008951342 -0.878679752 -0.940060139 0.091035955 -0.328632593 -8.443847656
-0.330812573 0.024004560 0.943391144 185.539886475 0.092452459 0.995691895 0.007084322 -0.880156994 -0.939156830 0.089562409 -0.331606627 -9.166076660
-0.334107399 0.025853010 0.942180395 187.652236938 0.092008114 0.995744109 0.005304307 -0.882378101 -0.938033462 0.088460445 -0.335064173 -9.903640747
-0.337362051 0.026643373 0.940998018 189.751663208 0.090834849 0.995856404 0.004369026 -0.887205124 -0.936982453 0.086949341 -0.338384271 -10.646377563
-0.340975761 0.027295511 0.939675868 191.861831665 0.088994510 0.996026456 0.003360636 -0.899128437 -0.935850322 0.084771879 -0.342050076 -11.390518188
-0.344279647 0.027659081 0.938459694 193.974777222 0.089819089 0.995951593 0.003597147 -0.901880741 -0.934560895 0.085530013 -0.345370173 -12.169143677
-0.348245144 0.026733663 0.937022269 196.102386475 0.089379229 0.995986104 0.004801939 -0.912156582 -0.933132768 0.085422575 -0.349236846 -12.942520142
-0.351965189 0.025936890 0.935653746 198.226470947 0.089074984 0.996007442 0.005897429 -0.921419621 -0.931765139 0.085419022 -0.352870226 -13.727233887
-0.355638862 0.025775030 0.934267998 200.356460571 0.088877790 0.996022284 0.006353520 -0.925432205 -0.930387974 0.085295230 -0.356515050 -14.538604736
-0.359696746 0.025905382 0.932709694 202.474151611 0.087997198 0.996100962 0.006269816 -0.933227062 -0.928910613 0.084331065 -0.360573888 -15.331222534
-0.363470554 0.026413867 0.931231320 204.604888916 0.087107673 0.996182323 0.005742967 -0.941797256 -0.927524507 0.083204783 -0.364383817 -16.151275635
-0.366568327 0.027034730 0.929998279 206.740631104 0.086937591 0.996199608 0.005308162 -0.947576523 -0.926320374 0.082797617 -0.367525578 -16.985260010
-0.369414091 0.027538877 0.928856790 208.846664429 0.087866664 0.996117532 0.005412259 -0.957926273 -0.925101519 0.083614916 -0.370399594 -17.817321777
-0.372159958 0.027351197 0.927765548 210.978363037 0.089010842 0.996010482 0.006342318 -0.967189789 -0.923890769 0.084941551 -0.373109698 -18.663879395
-0.374581099 0.026924545 0.926803172 213.089843750 0.090418570 0.995874763 0.007612850 -0.978219986 -0.922774911 0.086651847 -0.375470281 -19.511596680
-0.377118468 0.027463818 0.925757885 215.213058472 0.091416940 0.995782971 0.007698567 -0.978904247 -0.921642482 0.087533213 -0.378038883 -20.372314453
-0.379914641 0.028259959 0.924589753 217.366577148 0.091368400 0.995791793 0.007107105 -0.988107681 -0.920498073 0.087178379 -0.380897999 -21.246276855
-0.382339001 0.028344685 0.923587322 219.506774902 0.090539359 0.995868862 0.006917744 -0.995030403 -0.919575751 0.086265922 -0.383325815 -22.131103516
-0.385058641 0.029723091 0.922413409 221.645370483 0.090473652 0.995882690 0.005677437 -1.002823353 -0.918446779 0.085640252 -0.386162400 -23.023162842
-0.388111234 0.030962486 0.921092272 223.796936035 0.090399235 0.995894909 0.004613625 -1.006877422 -0.917168260 0.085056640 -0.389316916 -23.921142578
-0.390435696 0.031012425 0.920107663 225.924621582 0.088225245 0.996093035 0.003863704 -1.018835545 -0.916393042 0.082685255 -0.391646385 -24.820129395
-0.393771291 0.031849261 0.918656707 228.084060669 0.088874318 0.996036470 0.003562934 -1.031567097 -0.914902091 0.083047956 -0.395041108 -25.724090576
-0.396125317 0.031514775 0.917655468 230.239715576 0.090298362 0.995903313 0.004777174 -1.044970036 -0.913745522 0.084755145 -0.397348285 -26.653656006
-0.399081826 0.030606551 0.916404545 232.387420654 0.090759307 0.995853126 0.006264424 -1.056451797 -0.912412584 0.085672244 -0.400204778 -27.580017090
-0.401999116 0.030162435 0.915143132 234.480957031 0.089853168 0.995932877 0.006645006 -1.065675735 -0.911220670 0.084899791 -0.403074384 -28.500762939
-0.404948592 0.030264813 0.913838506 236.611724854 0.088413961 0.996064603 0.006190808 -1.077698708 -0.910054803 0.083303042 -0.406030774 -29.429779053
-0.408400893 0.029647514 0.912321031 238.741088867 0.086944245 0.996191680 0.006547591 -1.086242676 -0.908652484 0.081995107 -0.409423232 -30.372741699
-0.411869884 0.028937522 0.910783112 240.857055664 0.086060680 0.996263385 0.007264516 -1.093592644 -0.907169700 0.081374645 -0.412821293 -31.319183350
-0.415225863 0.029329659 0.909245491 242.984115601 0.085615903 0.996303916 0.006960360 -1.102173328 -0.905680716 0.080735989 -0.416202307 -32.282867432
-0.418978333 0.028925661 0.907535613 245.110717773 0.084940687 0.996358097 0.007457529 -1.108367443 -0.904014766 0.080211222 -0.419909477 -33.257965088
-0.422834039 0.028554641 0.905757368 247.255065918 0.084140487 0.996422827 0.007866293 -1.114787579 -0.902292728 0.079536989 -0.423724174 -34.246246338
-0.426779985 0.028192844 0.903915942 249.344970703 0.083039507 0.996513128 0.008125817 -1.119354248 -0.900535047 0.078528665 -0.427633047 -35.224334717
-0.430263400 0.029365245 0.902225673 251.451629639 0.083677873 0.996464849 0.007472727 -1.125432968 -0.898816705 0.078711562 -0.431199551 -36.223846436
-0.433763742 0.029602334 0.900540233 253.542022705 0.083791718 0.996454298 0.007604812 -1.140845776 -0.897122025 0.078756504 -0.434706211 -37.221618652
-0.437680125 0.029598318 0.898643672 255.643020630 0.083764791 0.996453643 0.007977379 -1.141893864 -0.895220578 0.078766227 -0.438607216 -38.222045898
-0.441184998 0.029874666 0.896918952 257.741516113 0.082525663 0.996561468 0.007399926 -1.149619579 -0.893613815 0.077283561 -0.442133427 -39.238616943
-0.444949269 0.030318847 0.895042598 259.859832764 0.083044529 0.996517420 0.007527383 -1.152188301 -0.891697347 0.077677689 -0.445917487 -40.279541016
-0.448218226 0.030937308 0.893388867 261.939056396 0.083699189 0.996462941 0.007485662 -1.152066231 -0.889997303 0.078131117 -0.449222326 -41.329254150
-0.451615572 0.032333586 0.891626596 264.041839600 0.085140601 0.996344388 0.006993316 -1.150982857 -0.888141036 0.079071917 -0.452717543 -42.385131836
-0.455051780 0.034289576 0.889804602 266.144622803 0.087163821 0.996174753 0.006187464 -1.155709743 -0.886188745 0.080374382 -0.456299901 -43.457336426
-0.458040476 0.034878854 0.888246953 268.245544434 0.088173985 0.996084809 0.006355155 -1.163268566 -0.884547591 0.081231192 -0.459322572 -44.526550293
-0.460891008 0.037069477 0.886682212 270.351165771 0.090068378 0.995922089 0.005180425 -1.166095257 -0.882874370 0.082249641 -0.462350368 -45.612579346
-0.463463426 0.039599735 0.885230780 272.463226318 0.091729797 0.995777845 0.003480295 -1.170979977 -0.881355405 0.082815036 -0.465139031 -46.708496094
-0.466333866 0.040173870 0.883696079 274.579223633 0.092760056 0.995681643 0.003685394 -1.179611206 -0.879731953 0.083690330 -0.468046546 -47.822357178
-0.469666004 0.041216932 0.881881714 276.715759277 0.092991836 0.995662391 0.002990126 -1.185114861 -0.877933204 0.083412148 -0.471461654 -48.942687988
-0.473203659 0.041049905 0.879996121 278.853118896 0.091819011 0.995771408 0.002923618 -1.186893463 -0.876154959 0.082183845 -0.474971771 -50.077362061
-0.476550698 0.042599678 0.878114402 280.979187012 0.093143687 0.995650113 0.002247203 -1.193639278 -0.874199033 0.082861722 -0.478445649 -51.218414307
-0.479817152 0.042789664 0.876324415 283.112335205 0.092340104 0.995725632 0.001939467 -1.203010082 -0.872495711 0.081850477 -0.481717348 -52.376403809
-0.482605219 0.042588696 0.874801934 285.258056641 0.090589166 0.995887220 0.001492069 -1.207928181 -0.871140480 0.079967655 -0.484478474 -53.551544189
-0.485168219 0.043308310 0.873347700 287.386474609 0.092340700 0.995725632 0.001920860 -1.220375538 -0.869531453 0.081577472 -0.487093449 -54.716613770
-0.487581730 0.043000031 0.872017741 289.545989990 0.093635805 0.995601177 0.003261667 -1.235132217 -0.868041635 0.083242424 -0.489463329 -55.908416748
-0.489832282 0.043262154 0.870742559 291.688842773 0.094536453 0.995514452 0.003719716 -1.234806061 -0.866675854 0.084138952 -0.491724968 -57.107727051
-0.491607070 0.042543791 0.869777322 293.831237793 0.094079919 0.995554566 0.004478950 -1.241792202 -0.865720272 0.084030464 -0.493424177 -58.306762695
-0.493795514 0.042219583 0.868552506 295.980957031 0.094148114 0.995544970 0.005133165 -1.244624615 -0.864466369 0.084307313 -0.495570540 -59.511230469
-0.496540546 0.042478785 0.866973519 298.160461426 0.095471233 0.995414674 0.005907144 -1.242264748 -0.862747192 0.085704170 -0.498319268 -60.743469238
-0.498871326 0.042103957 0.865652740 300.336730957 0.095369808 0.995420396 0.006545491 -1.237957478 -0.861412823 0.085822493 -0.500602126 -61.982391357
-0.500757217 0.042878237 0.864525080 302.512664795 0.095194578 0.995441973 0.005767996 -1.246172905 -0.860337257 0.085186474 -0.502556562 -63.233612061
-0.503395319 0.045334339 0.862866163 304.698364258 0.094744131 0.995497227 0.002970959 -1.246222973 -0.858846188 0.083247073 -0.505423784 -64.484710693
-0.506524205 0.044516139 0.861075819 306.880615234 0.093385451 0.995624006 0.003461544 -1.258259773 -0.857153714 0.082165308 -0.508464813 -65.760192871
-0.511042476 0.042676568 0.858495355 309.099182129 0.091265216 0.995814919 0.004825231 -1.266469955 -0.854696572 0.080816664 -0.512798548 -67.062957764
-0.515940785 0.040194478 0.855680704 311.316711426 0.088841476 0.996022701 0.006780953 -1.266317368 -0.852004826 0.079518504 -0.517459750 -68.371093750
-0.520293355 0.038585763 0.853115380 313.519012451 0.087295912 0.996148825 0.008184501 -1.263583183 -0.849514067 0.078731827 -0.521658063 -69.707061768
-0.524827361 0.039028872 0.850313485 315.758239746 0.088073954 0.996076465 0.008641376 -1.257737160 -0.846639991 0.079425700 -0.526205540 -71.067230225
-0.529147506 0.040451013 0.847565174 317.978515625 0.090453736 0.995860517 0.008943030 -1.245364666 -0.843694925 0.081397615 -0.530616045 -72.427520752
-0.532951832 0.041592892 0.845122814 320.207458496 0.091558859 0.995761395 0.008732292 -1.231184006 -0.841177464 0.082032368 -0.534501076 -73.820739746
-0.536848187 0.041884851 0.842638493 322.433868408 0.092720039 0.995646119 0.009581928 -1.228768349 -0.838568389 0.083273508 -0.538394451 -75.213714600
-0.540820003 0.040554740 0.840160251 324.661682129 0.092977099 0.995598435 0.011792548 -1.221648216 -0.835983992 0.084493302 -0.542210221 -76.632415771
-0.544658422 0.038998947 0.837750971 326.884643555 0.091770858 0.995691180 0.013312840 -1.217265129 -0.833622038 0.084132068 -0.545890450 -78.063903809
-0.548565388 0.038524836 0.835219800 329.101135254 0.090584785 0.995796382 0.013563826 -1.206232548 -0.831186295 0.083098844 -0.549749255 -79.494598389
-0.552969098 0.038463663 0.832313538 331.316925049 0.090985306 0.995747626 0.014432004 -1.198210716 -0.828219175 0.083708748 -0.554117322 -80.934112549
-0.556821585 0.038740154 0.829728484 333.518310547 0.092059463 0.995636046 0.015293662 -1.180467606 -0.825515091 0.084900185 -0.557958007 -82.390808105
-0.561216116 0.038173210 0.826788545 335.727661133 0.092404529 0.995580554 0.016756887 -1.161874771 -0.822494924 0.085803248 -0.562263131 -83.865966797
-0.564789176 0.037111092 0.824400306 337.940277100 0.090810031 0.995716393 0.017390100 -1.140979767 -0.820223510 0.084685557 -0.565739870 -85.352783203
-0.568168283 0.036487807 0.822103083 340.147827148 0.090626299 0.995714247 0.018439963 -1.114484787 -0.817906916 0.084981166 -0.569039941 -86.862701416
-0.570976257 0.035804369 0.820185423 342.338562012 0.091323413 0.995618165 0.020112550 -1.096339226 -0.815871358 0.086385921 -0.571744084 -88.374603271
-0.573808789 0.035004359 0.818240821 344.532043457 0.089009866 0.995833576 0.019818295 -1.072808266 -0.814137936 0.084203415 -0.574533820 -89.899108887
-0.576890826 0.034073751 0.816110373 346.705688477 0.085270055 0.996182680 0.018683532 -1.046030045 -0.812358439 0.080368131 -0.577594161 -91.414337158
-0.580231071 0.033677734 0.813755393 348.850830078 0.081924386 0.996490538 0.017174110 -1.012855530 -0.810321212 0.076631360 -0.580953836 -92.888793945
-0.582955241 0.030823875 0.811919391 351.025482178 0.079720773 0.996628404 0.019403027 -0.999786377 -0.808583856 0.076037936 -0.583446980 -94.442993164
-0.586316347 0.030106934 0.809522688 353.207611084 0.080181897 0.996558785 0.021010673 -0.971838951 -0.806104362 0.077227950 -0.586712718 -95.999420166
-0.589289904 0.030418560 0.807348728 355.373168945 0.079694338 0.996606052 0.020620275 -0.941582680 -0.803981423 0.076492451 -0.589714050 -97.559478760
-0.592277408 0.029650148 0.805188477 357.532775879 0.077915356 0.996746957 0.020608595 -0.909653664 -0.801958144 0.074942544 -0.592660904 -99.123626709
-0.595940828 0.025531400 0.802622378 359.717559814 0.075362027 0.996861458 0.024245575 -0.885277748 -0.799484253 0.074936181 -0.595994473 -100.699340820
-0.599174857 0.023059826 0.800286114 361.820556641 0.072858006 0.997008026 0.025820578 -0.852183342 -0.797296226 0.073778294 -0.599062204 -102.249603271
-0.602691889 0.022091033 0.797668219 363.993469238 0.070800640 0.997154713 0.025878917 -0.803571701 -0.794826984 0.072072424 -0.602541208 -103.831085205
-0.605177283 0.022718456 0.795766652 366.129150391 0.071120657 0.997138679 0.025619503 -0.762710571 -0.792907655 0.072099775 -0.605061412 -105.456207275
-0.608029008 0.021783451 0.793615997 368.271545410 0.070415050 0.997163653 0.026578000 -0.724607468 -0.790786028 0.072042696 -0.607838392 -107.058654785
-0.610793710 0.020791126 0.791516781 370.393676758 0.070046008 0.997154653 0.027860044 -0.691941261 -0.788685381 0.072459325 -0.610512137 -108.670379639
-0.613569736 0.019534143 0.789398968 372.520080566 0.066982545 0.997378349 0.027382258 -0.650247574 -0.786794543 0.069676876 -0.613269567 -110.296539307
-0.616356134 0.015931113 0.787306368 374.647644043 0.057045300 0.998071849 0.024462935 -0.615462303 -0.785398602 0.059990007 -0.616076469 -111.927825928
-0.620126128 0.018191982 0.784291506 376.819671631 0.049105037 0.998670816 0.015661916 -0.589372635 -0.782964110 0.048225015 -0.620195270 -113.575927734
-0.622666121 0.028394282 0.781972349 378.845672607 0.059537224 0.998163640 0.011163655 -0.586543560 -0.780219376 0.053507689 -0.623213172 -115.177642822
-0.622991920 0.029756373 0.781662107 380.927520752 0.067133628 0.997623146 0.015528533 -0.573279381 -0.779342115 0.062149961 -0.623508811 -116.845031738
-0.625224352 0.020542091 0.780174792 383.049926758 0.066179127 0.997448504 0.026772358 -0.542574883 -0.777634203 0.068370014 -0.624988556 -118.525939941
-0.628394485 0.009634993 0.777835071 385.145812988 0.059623361 0.997578382 0.035811361 -0.480679512 -0.775606394 0.068880804 -0.627447248 -120.180206299
-0.632171273 0.003342909 0.774821579 387.256835938 0.053443898 0.997797251 0.039299563 -0.411017418 -0.772983432 0.066253535 -0.630957484 -121.848999023
-0.634877920 0.003072268 0.772606313 389.311309814 0.052506711 0.997851729 0.039178669 -0.347393990 -0.770826161 0.065440692 -0.633675456 -123.492553711
-0.637610316 0.007958584 0.770318151 391.403320312 0.057573095 0.997642457 0.037347391 -0.288445473 -0.768204868 0.068162672 -0.636565328 -125.187713623
-0.639943957 0.014764296 0.768279791 393.465911865 0.062436987 0.997508526 0.032837853 -0.226002693 -0.765880823 0.068983458 -0.639271379 -126.884887695
-0.642535448 0.017604174 0.766053736 395.539916992 0.063047573 0.997560799 0.029957512 -0.173081398 -0.763657808 0.067546591 -0.642078042 -128.584960938
-0.645749211 0.017918283 0.763339400 397.619506836 0.063002035 0.997565985 0.029880341 -0.116979599 -0.760946035 0.067387134 -0.645306349 -130.313659668
-0.648370862 0.017257510 0.761128962 399.614318848 0.064520836 0.997391939 0.032347914 -0.081714630 -0.758585632 0.070082128 -0.647793412 -132.008056641
-0.650597095 0.017085291 0.759230971 401.661193848 0.065315679 0.997301221 0.033527348 -0.016751289 -0.756609201 0.071402475 -0.649957299 -133.744384766
-0.652492642 0.017070048 0.757602930 403.656616211 0.065569170 0.997268558 0.034001946 0.032326698 -0.754953206 0.071861409 -0.651829720 -135.443420410
-0.654035330 0.016967289 0.756273866 405.701843262 0.065709747 0.997243822 0.034453079 0.091575623 -0.753604889 0.072228089 -0.653347611 -137.186462402
-0.655692935 0.017754562 0.754818976 407.704772949 0.066789784 0.997168243 0.034563657 0.145730019 -0.752067804 0.073077336 -0.655022025 -138.889160156
-0.657004237 0.016929600 0.753696978 409.739990234 0.067908742 0.997012556 0.036801659 0.209337234 -0.750822306 0.075361446 -0.656191111 -140.649536133
-0.657884955 0.016774397 0.752931535 411.705688477 0.070036486 0.996782243 0.038988311 0.272541046 -0.749854803 0.078382500 -0.656942844 -142.350158691
-0.659104228 0.016696496 0.751866341 413.735717773 0.072130285 0.996547997 0.041101072 0.345592499 -0.748584688 0.081322215 -0.658033371 -144.113098145
-0.660426974 0.016271055 0.750713944 415.728576660 0.069799043 0.996766806 0.039800413 0.416862488 -0.747639120 0.078684382 -0.659427285 -145.855529785
-0.662147164 0.016235963 0.749198020 417.719848633 0.065533832 0.997189522 0.036309101 0.489314079 -0.746502876 0.073139779 -0.661350131 -147.581359863
-0.663664937 0.015558524 0.747868240 419.710388184 0.062587015 0.997432947 0.034789845 0.555183411 -0.745407164 0.069895640 -0.662935138 -149.315368652
-0.664328456 0.015073470 0.747288823 421.640808105 0.062094972 0.997453511 0.035081971 0.617239952 -0.744857073 0.069708824 -0.663572669 -151.042419434
-0.665562987 0.013764715 0.746214747 423.642272949 0.059729077 0.997605324 0.034871612 0.680378914 -0.743947864 0.067779973 -0.664791346 -152.798583984
-0.666522622 0.012550151 0.745379388 425.600280762 0.057109788 0.997779608 0.034268018 0.734130859 -0.743294299 0.065408856 -0.665759444 -154.530090332
-0.667183399 0.011747183 0.744800866 427.592407227 0.056056138 0.997832179 0.034476336 0.796329498 -0.742781281 0.064752698 -0.666395545 -156.299194336
-0.667832971 0.010177362 0.744241595 429.588562012 0.056276504 0.997734785 0.036854967 0.855076790 -0.742180645 0.066496275 -0.666892886 -158.052490234
-0.667860627 0.009429263 0.744226813 431.570251465 0.059332680 0.997411966 0.040607370 0.925880432 -0.741917849 0.071277030 -0.666691661 -159.821411133
-0.667096615 0.008810112 0.744919419 433.496856689 0.064567864 0.996851027 0.046032652 1.000995636 -0.742168128 0.078806065 -0.665564775 -161.537963867
-0.665821791 0.008176466 0.746065974 435.461334229 0.068416536 0.996396184 0.050137959 1.096252441 -0.742967367 0.084426202 -0.663981795 -163.290161133
-0.664406538 0.005415666 0.747351825 437.438598633 0.062286306 0.996896207 0.048149433 1.193433762 -0.744771421 0.078540578 -0.662681699 -165.025634766
-0.663871765 0.004015297 0.747835875 439.418457031 0.054180309 0.997615993 0.042740721 1.285596848 -0.745881438 0.068892322 -0.662506580 -166.737365723
-0.662452102 0.002268666 0.749100804 441.398468018 0.049551141 0.997938037 0.040797278 1.361148834 -0.747463584 0.064145043 -0.661198616 -168.466674805
-0.660069346 0.001860537 0.751202226 443.385437012 0.048194513 0.998041689 0.039875858 1.424674988 -0.749656916 0.062524661 -0.658866405 -170.190795898
-0.657330394 0.002865521 0.753597081 445.349487305 0.050381374 0.997922659 0.040150952 1.504650116 -0.751916528 0.064359695 -0.656109214 -171.913208008
-0.654342413 0.002937197 0.756192684 447.373138428 0.051034961 0.997884035 0.040285178 1.582740784 -0.754474282 0.064952567 -0.653107643 -173.651428223
-0.652107596 0.003598073 0.758117974 449.353210449 0.048559595 0.998133540 0.037032131 1.657529831 -0.756569743 0.060962830 -0.651065111 -175.334838867
-0.650895000 -0.001203461 0.759166777 451.344360352 0.041734792 0.998429775 0.037365358 1.719703674 -0.758019686 0.056004595 -0.649822831 -177.022827148
-0.650340676 -0.007864645 0.759601891 453.353454590 0.032936513 0.998714149 0.038539246 1.780126572 -0.758928239 0.050082281 -0.649245381 -178.697875977
-0.649610758 -0.011217803 0.760184407 455.361938477 0.026156999 0.998969376 0.037093777 1.843245506 -0.759817064 0.043980654 -0.648647904 -180.395996094
-0.648973942 -0.012011101 0.760715783 457.356506348 0.023764810 0.999067426 0.036048476 1.910957336 -0.760439396 0.041472789 -0.648083329 -182.060485840
-0.647751451 -0.011545158 0.761764228 459.375579834 0.026389701 0.998945117 0.037579801 1.976303101 -0.761394560 0.044445101 -0.646763563 -183.769714355
-0.646688938 -0.012240474 0.762655556 461.375366211 0.028313743 0.998796880 0.040038954 2.050050735 -0.762228131 0.047486383 -0.645564318 -185.447143555
-0.645350337 -0.014765479 0.763744056 463.337310791 0.026491504 0.998779178 0.041694272 2.124771118 -0.763427317 0.047140140 -0.644171238 -187.100036621
-0.644107342 -0.014574372 0.764796495 465.343536377 0.024872491 0.998890758 0.039982870 2.203666687 -0.764530897 0.044775642 -0.643030286 -188.783508301
-0.643508554 -0.014122213 0.765308738 467.380065918 0.023249077 0.999007881 0.037983600 2.273967743 -0.765085816 0.042235490 -0.642541766 -190.446655273
-0.642374277 -0.012266276 0.766293108 469.396484375 0.024616931 0.999025702 0.036627769 2.346717834 -0.765995800 0.042392515 -0.641446471 -192.124694824
-0.641346216 -0.012031657 0.767157376 471.402587891 0.026610319 0.998926699 0.037912909 2.405113220 -0.766790152 0.044729602 -0.640337706 -193.791442871
